-0.435, 0.297009, 0.676041, 0
-0.405, 0.297088, 0.674707, 0.042449
-0.375, 0.297255, 0.67071, 0.0847304
-0.345, 0.297459, 0.664066, 0.126677
-0.315, 0.297678, 0.654802, 0.168125
-0.285, 0.297907, 0.642953, 0.208908
-0.255, 0.298141, 0.628567, 0.248867
-0.225, 0.298379, 0.6117, 0.287844
-0.195, 0.298615, 0.592419, 0.325685
-0.165, 0.298846, 0.5708, 0.362241
-0.135, 0.29907, 0.546929, 0.397367
-0.105, 0.299285, 0.520898, 0.430925
-0.075, 0.299493, 0.492813, 0.462782
-0.045, 0.299693, 0.462782, 0.492813
-0.015, 0.299889, 0.430925, 0.520898
0.015, 0.30008, 0.397367, 0.546929
0.045, 0.300268, 0.362241, 0.5708
0.075, 0.300454, 0.325685, 0.592419
0.105, 0.300638, 0.287844, 0.6117
0.135, 0.30082, 0.248867, 0.628567
0.165, 0.301, 0.208908, 0.642953
0.195, 0.301181, 0.168125, 0.654802
0.225, 0.301365, 0.126677, 0.664066
0.255, 0.301555, 0.0847304, 0.67071
0.285, 0.301754, 0.042449, 0.674707
0.315, 0.30196, 4.13942e-017, 0.676041
0.345, 0.302171, -0.042449, 0.674707
0.375, 0.302381, -0.0847304, 0.67071
0.405, 0.302593, -0.126677, 0.664066
0.435, 0.302829, -0.168125, 0.654802
0.45, 0.287758, -0.208908, 0.642953
0.45, 0.257617, -0.248867, 0.628567
0.45, 0.227475, -0.287844, 0.6117
0.45, 0.197334, -0.325685, 0.592419
0.45, 0.167192, -0.362241, 0.5708
0.45, 0.137051, -0.397367, 0.546929
0.45, 0.106909, -0.430925, 0.520898
0.45, 0.076768, -0.462782, 0.492813
0.45, 0.0466265, -0.492813, 0.462782
0.45, 0.0164851, -0.520898, 0.430925
0.45, -0.0136563, -0.546929, 0.397367
0.45, -0.0437978, -0.5708, 0.362241
0.45, -0.0739392, -0.592419, 0.325685
0.45, -0.104081, -0.6117, 0.287844
0.45, -0.134222, -0.628567, 0.248867
0.45, -0.164364, -0.642953, 0.208908
0.45, -0.194505, -0.654802, 0.168125
0.45, -0.224646, -0.664066, 0.126677
0.45, -0.254788, -0.67071, 0.0847304
0.45, -0.284929, -0.674707, 0.042449
0.435, -0.3, -0.676041, 8.27884e-017
0.405, -0.3, -0.674707, -0.042449
0.375, -0.3, -0.67071, -0.0847304
0.345, -0.3, -0.664066, -0.126677
0.315, -0.3, -0.654802, -0.168125
0.285, -0.3, -0.642953, -0.208908
0.255, -0.3, -0.628567, -0.248867
0.225, -0.3, -0.6117, -0.287844
0.195, -0.3, -0.592419, -0.325685
0.165, -0.3, -0.5708, -0.362241
0.135, -0.3, -0.546929, -0.397367
0.105, -0.3, -0.520898, -0.430925
0.075, -0.3, -0.492813, -0.462782
0.045, -0.3, -0.462782, -0.492813
0.015, -0.3, -0.430925, -0.520898
-0.015, -0.3, -0.397367, -0.546929
-0.045, -0.3, -0.362241, -0.5708
-0.075, -0.3, -0.325685, -0.592419
-0.105, -0.3, -0.287844, -0.6117
-0.135, -0.3, -0.248867, -0.628567
-0.165, -0.3, -0.208908, -0.642953
-0.195, -0.3, -0.168125, -0.654802
-0.225, -0.3, -0.126677, -0.664066
-0.255, -0.3, -0.0847304, -0.67071
-0.285, -0.3, -0.042449, -0.674707
-0.315, -0.3, -1.24183e-016, -0.676041
-0.345, -0.3, 0.042449, -0.674707
-0.375, -0.3, 0.0847304, -0.67071
-0.405, -0.3, 0.126677, -0.664066
-0.435, -0.3, 0.168125, -0.654802
-0.45, -0.285075, 0.208908, -0.642953
-0.45, -0.255224, 0.248867, -0.628567
-0.45, -0.225374, 0.287844, -0.6117
-0.45, -0.195523, 0.325685, -0.592419
-0.45, -0.165673, 0.362241, -0.5708
-0.45, -0.135823, 0.397367, -0.546929
-0.45, -0.105972, 0.430925, -0.520898
-0.45, -0.0761217, 0.462782, -0.492813
-0.45, -0.0462713, 0.492813, -0.462782
-0.45, -0.0164209, 0.520898, -0.430925
-0.45, 0.0134296, 0.546929, -0.397367
-0.45, 0.04328, 0.5708, -0.362241
-0.45, 0.0731304, 0.592419, -0.325685
-0.45, 0.102981, 0.6117, -0.287844
-0.45, 0.132831, 0.628567, -0.248867
-0.45, 0.162682, 0.642953, -0.208908
-0.45, 0.192532, 0.654802, -0.168125
-0.45, 0.222383, 0.664066, -0.126677
-0.45, 0.252233, 0.67071, -0.0847304
-0.45, 0.282083, 0.674707, -0.042449
