-0.435, 0.296411, 0.676041, 0
-0.405, 0.296505, 0.674707, 0.042449
-0.375, 0.296699, 0.67071, 0.0847304
-0.345, 0.29694, 0.664066, 0.126677
-0.315, 0.297203, 0.654802, 0.168125
-0.285, 0.297478, 0.642953, 0.208908
-0.255, 0.29776, 0.628567, 0.248867
-0.225, 0.298046, 0.6117, 0.287844
-0.195, 0.29833, 0.592419, 0.325685
-0.165, 0.298609, 0.5708, 0.362241
-0.135, 0.298879, 0.546929, 0.397367
-0.105, 0.299141, 0.520898, 0.430925
-0.075, 0.299393, 0.492813, 0.462782
-0.045, 0.299637, 0.462782, 0.492813
-0.015, 0.299875, 0.430925, 0.520898
0.015, 0.300108, 0.397367, 0.546929
0.045, 0.300337, 0.362241, 0.5708
0.075, 0.300563, 0.325685, 0.592419
0.105, 0.300787, 0.287844, 0.6117
0.135, 0.301009, 0.248867, 0.628567
0.165, 0.30123, 0.208908, 0.642953
0.195, 0.301452, 0.168125, 0.654802
0.225, 0.301679, 0.126677, 0.664066
0.255, 0.301912, 0.0847304, 0.67071
0.285, 0.302156, 0.042449, 0.674707
0.315, 0.30241, 4.13942e-017, 0.676041
0.345, 0.30267, -0.042449, 0.674707
0.375, 0.302932, -0.0847304, 0.67071
0.405, 0.303198, -0.126677, 0.664066
0.435, 0.30349, -0.168125, 0.654802
0.45, 0.288403, -0.208908, 0.642953
0.45, 0.258228, -0.248867, 0.628567
0.45, 0.228054, -0.287844, 0.6117
0.45, 0.197879, -0.325685, 0.592419
0.45, 0.167705, -0.362241, 0.5708
0.45, 0.13753, -0.397367, 0.546929
0.45, 0.107356, -0.430925, 0.520898
0.45, 0.0771812, -0.462782, 0.492813
0.45, 0.0470067, -0.492813, 0.462782
0.45, 0.0168322, -0.520898, 0.430925
0.45, -0.0133423, -0.546929, 0.397367
0.45, -0.0435168, -0.5708, 0.362241
0.45, -0.0736913, -0.592419, 0.325685
0.45, -0.103866, -0.6117, 0.287844
0.45, -0.13404, -0.628567, 0.248867
0.45, -0.164215, -0.642953, 0.208908
0.45, -0.194389, -0.654802, 0.168125
0.45, -0.224564, -0.664066, 0.126677
0.45, -0.254738, -0.67071, 0.0847304
0.45, -0.284913, -0.674707, 0.042449
0.435, -0.3, -0.676041, 8.27884e-017
0.405, -0.3, -0.674707, -0.042449
0.375, -0.3, -0.67071, -0.0847304
0.345, -0.3, -0.664066, -0.126677
0.315, -0.3, -0.654802, -0.168125
0.285, -0.3, -0.642953, -0.208908
0.255, -0.3, -0.628567, -0.248867
0.225, -0.3, -0.6117, -0.287844
0.195, -0.3, -0.592419, -0.325685
0.165, -0.3, -0.5708, -0.362241
0.135, -0.3, -0.546929, -0.397367
0.105, -0.3, -0.520898, -0.430925
0.075, -0.3, -0.492813, -0.462782
0.045, -0.3, -0.462782, -0.492813
0.015, -0.3, -0.430925, -0.520898
-0.015, -0.3, -0.397367, -0.546929
-0.045, -0.3, -0.362241, -0.5708
-0.075, -0.3, -0.325685, -0.592419
-0.105, -0.3, -0.287844, -0.6117
-0.135, -0.3, -0.248867, -0.628567
-0.165, -0.3, -0.208908, -0.642953
-0.195, -0.3, -0.168125, -0.654802
-0.225, -0.3, -0.126677, -0.664066
-0.255, -0.3, -0.0847304, -0.67071
-0.285, -0.3, -0.042449, -0.674707
-0.315, -0.3, -1.24183e-016, -0.676041
-0.345, -0.3, 0.042449, -0.674707
-0.375, -0.3, 0.0847304, -0.67071
-0.405, -0.3, 0.126677, -0.664066
-0.435, -0.3, 0.168125, -0.654802
-0.45, -0.28509, 0.208908, -0.642953
-0.45, -0.255269, 0.248867, -0.628567
-0.45, -0.225449, 0.287844, -0.6117
-0.45, -0.195628, 0.325685, -0.592419
-0.45, -0.165807, 0.362241, -0.5708
-0.45, -0.135987, 0.397367, -0.546929
-0.45, -0.106166, 0.430925, -0.520898
-0.45, -0.0763458, 0.462782, -0.492813
-0.45, -0.0465252, 0.492813, -0.462782
-0.45, -0.0167047, 0.520898, -0.430925
-0.45, 0.0131159, 0.546929, -0.397367
-0.45, 0.0429365, 0.5708, -0.362241
-0.45, 0.072757, 0.592419, -0.325685
-0.45, 0.102578, 0.6117, -0.287844
-0.45, 0.132398, 0.628567, -0.248867
-0.45, 0.162219, 0.642953, -0.208908
-0.45, 0.192039, 0.654802, -0.168125
-0.45, 0.22186, 0.664066, -0.126677
-0.45, 0.25168, 0.67071, -0.0847304
-0.45, 0.281501, 0.674707, -0.042449
