-0.435, 0.298635, 0.676041, 0
-0.405, 0.298472, 0.674707, 0.042449
-0.375, 0.298436, 0.67071, 0.0847304
-0.345, 0.298469, 0.664066, 0.126677
-0.315, 0.298544, 0.654802, 0.168125
-0.285, 0.298648, 0.642953, 0.208908
-0.255, 0.298774, 0.628567, 0.248867
-0.225, 0.298916, 0.6117, 0.287844
-0.195, 0.299065, 0.592419, 0.325685
-0.165, 0.299216, 0.5708, 0.362241
-0.135, 0.299365, 0.546929, 0.397367
-0.105, 0.299507, 0.520898, 0.430925
-0.075, 0.299643, 0.492813, 0.462782
-0.045, 0.299771, 0.462782, 0.492813
-0.015, 0.299893, 0.430925, 0.520898
0.015, 0.300008, 0.397367, 0.546929
0.045, 0.300117, 0.362241, 0.5708
0.075, 0.300219, 0.325685, 0.592419
0.105, 0.300315, 0.287844, 0.6117
0.135, 0.300405, 0.248867, 0.628567
0.165, 0.300491, 0.208908, 0.642953
0.195, 0.300574, 0.168125, 0.654802
0.225, 0.300661, 0.126677, 0.664066
0.255, 0.300755, 0.0847304, 0.67071
0.285, 0.300864, 0.042449, 0.674707
0.315, 0.300993, 4.13942e-017, 0.676041
0.345, 0.301147, -0.042449, 0.674707
0.375, 0.301334, -0.0847304, 0.67071
0.405, 0.301575, -0.126677, 0.664066
0.435, 0.301917, -0.168125, 0.654802
0.45, 0.286869, -0.208908, 0.642953
0.45, 0.256773, -0.248867, 0.628567
0.45, 0.226677, -0.287844, 0.6117
0.45, 0.196581, -0.325685, 0.592419
0.45, 0.166485, -0.362241, 0.5708
0.45, 0.13639, -0.397367, 0.546929
0.45, 0.106294, -0.430925, 0.520898
0.45, 0.0761979, -0.462782, 0.492813
0.45, 0.0461021, -0.492813, 0.462782
0.45, 0.0160062, -0.520898, 0.430925
0.45, -0.0140896, -0.546929, 0.397367
0.45, -0.0441854, -0.5708, 0.362241
0.45, -0.0742813, -0.592419, 0.325685
0.45, -0.104377, -0.6117, 0.287844
0.45, -0.134473, -0.628567, 0.248867
0.45, -0.164569, -0.642953, 0.208908
0.45, -0.194665, -0.654802, 0.168125
0.45, -0.22476, -0.664066, 0.126677
0.45, -0.254856, -0.67071, 0.0847304
0.45, -0.284952, -0.674707, 0.042449
0.435, -0.3, -0.676041, 8.27884e-017
0.405, -0.3, -0.674707, -0.042449
0.375, -0.3, -0.67071, -0.0847304
0.345, -0.3, -0.664066, -0.126677
0.315, -0.3, -0.654802, -0.168125
0.285, -0.3, -0.642953, -0.208908
0.255, -0.3, -0.628567, -0.248867
0.225, -0.3, -0.6117, -0.287844
0.195, -0.3, -0.592419, -0.325685
0.165, -0.3, -0.5708, -0.362241
0.135, -0.3, -0.546929, -0.397367
0.105, -0.3, -0.520898, -0.430925
0.075, -0.3, -0.492813, -0.462782
0.045, -0.3, -0.462782, -0.492813
0.015, -0.3, -0.430925, -0.520898
-0.015, -0.3, -0.397367, -0.546929
-0.045, -0.3, -0.362241, -0.5708
-0.075, -0.3, -0.325685, -0.592419
-0.105, -0.3, -0.287844, -0.6117
-0.135, -0.3, -0.248867, -0.628567
-0.165, -0.3, -0.208908, -0.642953
-0.195, -0.3, -0.168125, -0.654802
-0.225, -0.3, -0.126677, -0.664066
-0.255, -0.3, -0.0847304, -0.67071
-0.285, -0.3, -0.042449, -0.674707
-0.315, -0.3, -1.24183e-016, -0.676041
-0.345, -0.3, 0.042449, -0.674707
-0.375, -0.3, 0.0847304, -0.67071
-0.405, -0.3, 0.126677, -0.664066
-0.435, -0.3, 0.168125, -0.654802
-0.45, -0.285034, 0.208908, -0.642953
-0.45, -0.255102, 0.248867, -0.628567
-0.45, -0.225171, 0.287844, -0.6117
-0.45, -0.195239, 0.325685, -0.592419
-0.45, -0.165307, 0.362241, -0.5708
-0.45, -0.135375, 0.397367, -0.546929
-0.45, -0.105444, 0.430925, -0.520898
-0.45, -0.0755117, 0.462782, -0.492813
-0.45, -0.04558, 0.492813, -0.462782
-0.45, -0.0156482, 0.520898, -0.430925
-0.45, 0.0142836, 0.546929, -0.397367
-0.45, 0.0442153, 0.5708, -0.362241
-0.45, 0.0741471, 0.592419, -0.325685
-0.45, 0.104079, 0.6117, -0.287844
-0.45, 0.134011, 0.628567, -0.248867
-0.45, 0.163942, 0.642953, -0.208908
-0.45, 0.193874, 0.654802, -0.168125
-0.45, 0.223806, 0.664066, -0.126677
-0.45, 0.253738, 0.67071, -0.0847304
-0.45, 0.283669, 0.674707, -0.042449
