-0.435, 0.308279, 0.676041, 0
-0.405, 0.307252, 0.674707, 0.042449
-0.375, 0.306423, 0.67071, 0.0847304
-0.345, 0.305717, 0.664066, 0.126677
-0.315, 0.305097, 0.654802, 0.168125
-0.285, 0.30454, 0.642953, 0.208908
-0.255, 0.304032, 0.628567, 0.248867
-0.225, 0.303559, 0.6117, 0.287844
-0.195, 0.303108, 0.592419, 0.325685
-0.165, 0.30267, 0.5708, 0.362241
-0.135, 0.302234, 0.546929, 0.397367
-0.105, 0.301794, 0.520898, 0.430925
-0.075, 0.301346, 0.492813, 0.462782
-0.045, 0.300885, 0.462782, 0.492813
-0.015, 0.300409, 0.430925, 0.520898
0.015, 0.299914, 0.397367, 0.546929
0.045, 0.299398, 0.362241, 0.5708
0.075, 0.298858, 0.325685, 0.592419
0.105, 0.298293, 0.287844, 0.6117
0.135, 0.297701, 0.248867, 0.628567
0.165, 0.297084, 0.208908, 0.642953
0.195, 0.296447, 0.168125, 0.654802
0.225, 0.295798, 0.126677, 0.664066
0.255, 0.295148, 0.0847304, 0.67071
0.285, 0.294516, 0.042449, 0.674707
0.315, 0.293922, 4.13942e-017, 0.676041
0.345, 0.293397, -0.042449, 0.674707
0.375, 0.29299, -0.0847304, 0.67071
0.405, 0.292777, -0.126677, 0.664066
0.435, 0.292886, -0.168125, 0.654802
0.45, 0.278064, -0.208908, 0.642953
0.45, 0.248419, -0.248867, 0.628567
0.45, 0.218775, -0.287844, 0.6117
0.45, 0.189131, -0.325685, 0.592419
0.45, 0.159486, -0.362241, 0.5708
0.45, 0.129842, -0.397367, 0.546929
0.45, 0.100198, -0.430925, 0.520898
0.45, 0.0705536, -0.462782, 0.492813
0.45, 0.0409093, -0.492813, 0.462782
0.45, 0.011265, -0.520898, 0.430925
0.45, -0.0183793, -0.546929, 0.397367
0.45, -0.0480236, -0.5708, 0.362241
0.45, -0.0776679, -0.592419, 0.325685
0.45, -0.107312, -0.6117, 0.287844
0.45, -0.136956, -0.628567, 0.248867
0.45, -0.166601, -0.642953, 0.208908
0.45, -0.196245, -0.654802, 0.168125
0.45, -0.225889, -0.664066, 0.126677
0.45, -0.255534, -0.67071, 0.0847304
0.45, -0.285178, -0.674707, 0.042449
0.435, -0.3, -0.676041, 8.27884e-017
0.405, -0.3, -0.674707, -0.042449
0.375, -0.3, -0.67071, -0.0847304
0.345, -0.3, -0.664066, -0.126677
0.315, -0.3, -0.654802, -0.168125
0.285, -0.3, -0.642953, -0.208908
0.255, -0.3, -0.628567, -0.248867
0.225, -0.3, -0.6117, -0.287844
0.195, -0.3, -0.592419, -0.325685
0.165, -0.3, -0.5708, -0.362241
0.135, -0.3, -0.546929, -0.397367
0.105, -0.3, -0.520898, -0.430925
0.075, -0.3, -0.492813, -0.462782
0.045, -0.3, -0.462782, -0.492813
0.015, -0.3, -0.430925, -0.520898
-0.015, -0.3, -0.397367, -0.546929
-0.045, -0.3, -0.362241, -0.5708
-0.075, -0.3, -0.325685, -0.592419
-0.105, -0.3, -0.287844, -0.6117
-0.135, -0.3, -0.248867, -0.628567
-0.165, -0.3, -0.208908, -0.642953
-0.195, -0.3, -0.168125, -0.654802
-0.225, -0.3, -0.126677, -0.664066
-0.255, -0.3, -0.0847304, -0.67071
-0.285, -0.3, -0.042449, -0.674707
-0.315, -0.3, -1.24183e-016, -0.676041
-0.345, -0.3, 0.042449, -0.674707
-0.375, -0.3, 0.0847304, -0.67071
-0.405, -0.3, 0.126677, -0.664066
-0.435, -0.3, 0.168125, -0.654802
-0.45, -0.284793, 0.208908, -0.642953
-0.45, -0.254379, 0.248867, -0.628567
-0.45, -0.223965, 0.287844, -0.6117
-0.45, -0.193551, 0.325685, -0.592419
-0.45, -0.163137, 0.362241, -0.5708
-0.45, -0.132723, 0.397367, -0.546929
-0.45, -0.102309, 0.430925, -0.520898
-0.45, -0.0718955, 0.462782, -0.492813
-0.45, -0.0414815, 0.492813, -0.462782
-0.45, -0.0110676, 0.520898, -0.430925
-0.45, 0.0193463, 0.546929, -0.397367
-0.45, 0.0497603, 0.5708, -0.362241
-0.45, 0.0801742, 0.592419, -0.325685
-0.45, 0.110588, 0.6117, -0.287844
-0.45, 0.141002, 0.628567, -0.248867
-0.45, 0.171416, 0.642953, -0.208908
-0.45, 0.20183, 0.654802, -0.168125
-0.45, 0.232244, 0.664066, -0.126677
-0.45, 0.262658, 0.67071, -0.0847304
-0.45, 0.293072, 0.674707, -0.042449
