-0.435, 0.299734, 0.676041, 0
-0.405, 0.299091, 0.674707, 0.042449
-0.375, 0.298775, 0.67071, 0.0847304
-0.345, 0.298656, 0.664066, 0.126677
-0.315, 0.29866, 0.654802, 0.168125
-0.285, 0.29874, 0.642953, 0.208908
-0.255, 0.298867, 0.628567, 0.248867
-0.225, 0.299021, 0.6117, 0.287844
-0.195, 0.299185, 0.592419, 0.325685
-0.165, 0.299349, 0.5708, 0.362241
-0.135, 0.299503, 0.546929, 0.397367
-0.105, 0.299643, 0.520898, 0.430925
-0.075, 0.299766, 0.492813, 0.462782
-0.045, 0.299873, 0.462782, 0.492813
-0.015, 0.299962, 0.430925, 0.520898
0.015, 0.300036, 0.397367, 0.546929
0.045, 0.300095, 0.362241, 0.5708
0.075, 0.30014, 0.325685, 0.592419
0.105, 0.300171, 0.287844, 0.6117
0.135, 0.30019, 0.248867, 0.628567
0.165, 0.300202, 0.208908, 0.642953
0.195, 0.300211, 0.168125, 0.654802
0.225, 0.300226, 0.126677, 0.664066
0.255, 0.300258, 0.0847304, 0.67071
0.285, 0.300324, 0.042449, 0.674707
0.315, 0.300441, 4.13942e-017, 0.676041
0.345, 0.300635, -0.042449, 0.674707
0.375, 0.300944, -0.0847304, 0.67071
0.405, 0.301435, -0.126677, 0.664066
0.435, 0.302226, -0.168125, 0.654802
0.45, 0.28717, -0.208908, 0.642953
0.45, 0.257059, -0.248867, 0.628567
0.45, 0.226948, -0.287844, 0.6117
0.45, 0.196836, -0.325685, 0.592419
0.45, 0.166725, -0.362241, 0.5708
0.45, 0.136614, -0.397367, 0.546929
0.45, 0.106502, -0.430925, 0.520898
0.45, 0.0763912, -0.462782, 0.492813
0.45, 0.0462799, -0.492813, 0.462782
0.45, 0.0161686, -0.520898, 0.430925
0.45, -0.0139427, -0.546929, 0.397367
0.45, -0.044054, -0.5708, 0.362241
0.45, -0.0741653, -0.592419, 0.325685
0.45, -0.104277, -0.6117, 0.287844
0.45, -0.134388, -0.628567, 0.248867
0.45, -0.164499, -0.642953, 0.208908
0.45, -0.19461, -0.654802, 0.168125
0.45, -0.224722, -0.664066, 0.126677
0.45, -0.254833, -0.67071, 0.0847304
0.45, -0.284944, -0.674707, 0.042449
0.435, -0.3, -0.676041, 8.27884e-017
0.405, -0.3, -0.674707, -0.042449
0.375, -0.3, -0.67071, -0.0847304
0.345, -0.3, -0.664066, -0.126677
0.315, -0.3, -0.654802, -0.168125
0.285, -0.3, -0.642953, -0.208908
0.255, -0.3, -0.628567, -0.248867
0.225, -0.3, -0.6117, -0.287844
0.195, -0.3, -0.592419, -0.325685
0.165, -0.3, -0.5708, -0.362241
0.135, -0.3, -0.546929, -0.397367
0.105, -0.3, -0.520898, -0.430925
0.075, -0.3, -0.492813, -0.462782
0.045, -0.3, -0.462782, -0.492813
0.015, -0.3, -0.430925, -0.520898
-0.015, -0.3, -0.397367, -0.546929
-0.045, -0.3, -0.362241, -0.5708
-0.075, -0.3, -0.325685, -0.592419
-0.105, -0.3, -0.287844, -0.6117
-0.135, -0.3, -0.248867, -0.628567
-0.165, -0.3, -0.208908, -0.642953
-0.195, -0.3, -0.168125, -0.654802
-0.225, -0.3, -0.126677, -0.664066
-0.255, -0.3, -0.0847304, -0.67071
-0.285, -0.3, -0.042449, -0.674707
-0.315, -0.3, -1.24183e-016, -0.676041
-0.345, -0.3, 0.042449, -0.674707
-0.375, -0.3, 0.0847304, -0.67071
-0.405, -0.3, 0.126677, -0.664066
-0.435, -0.3, 0.168125, -0.654802
-0.45, -0.285007, 0.208908, -0.642953
-0.45, -0.25502, 0.248867, -0.628567
-0.45, -0.225033, 0.287844, -0.6117
-0.45, -0.195047, 0.325685, -0.592419
-0.45, -0.16506, 0.362241, -0.5708
-0.45, -0.135073, 0.397367, -0.546929
-0.45, -0.105086, 0.430925, -0.520898
-0.45, -0.0750998, 0.462782, -0.492813
-0.45, -0.0451131, 0.492813, -0.462782
-0.45, -0.0151264, 0.520898, -0.430925
-0.45, 0.0148603, 0.546929, -0.397367
-0.45, 0.044847, 0.5708, -0.362241
-0.45, 0.0748337, 0.592419, -0.325685
-0.45, 0.10482, 0.6117, -0.287844
-0.45, 0.134807, 0.628567, -0.248867
-0.45, 0.164794, 0.642953, -0.208908
-0.45, 0.19478, 0.654802, -0.168125
-0.45, 0.224767, 0.664066, -0.126677
-0.45, 0.254754, 0.67071, -0.0847304
-0.45, 0.284741, 0.674707, -0.042449
