-0.435, 0.296746, 0.676041, 0
-0.405, 0.296247, 0.674707, 0.042449
-0.375, 0.296117, 0.67071, 0.0847304
-0.345, 0.296213, 0.664066, 0.126677
-0.315, 0.296444, 0.654802, 0.168125
-0.285, 0.296758, 0.642953, 0.208908
-0.255, 0.29712, 0.628567, 0.248867
-0.225, 0.297504, 0.6117, 0.287844
-0.195, 0.297895, 0.592419, 0.325685
-0.165, 0.298278, 0.5708, 0.362241
-0.135, 0.298647, 0.546929, 0.397367
-0.105, 0.298995, 0.520898, 0.430925
-0.075, 0.299321, 0.492813, 0.462782
-0.045, 0.299625, 0.462782, 0.492813
-0.015, 0.29991, 0.430925, 0.520898
0.015, 0.300176, 0.397367, 0.546929
0.045, 0.300426, 0.362241, 0.5708
0.075, 0.300661, 0.325685, 0.592419
0.105, 0.300883, 0.287844, 0.6117
0.135, 0.301095, 0.248867, 0.628567
0.165, 0.301302, 0.208908, 0.642953
0.195, 0.30151, 0.168125, 0.654802
0.225, 0.301727, 0.126677, 0.664066
0.255, 0.301965, 0.0847304, 0.67071
0.285, 0.302241, 0.042449, 0.674707
0.315, 0.302572, 4.13942e-017, 0.676041
0.345, 0.302982, -0.042449, 0.674707
0.375, 0.30351, -0.0847304, 0.67071
0.405, 0.30422, -0.126677, 0.664066
0.435, 0.305232, -0.168125, 0.654802
0.45, 0.290101, -0.208908, 0.642953
0.45, 0.259839, -0.248867, 0.628567
0.45, 0.229578, -0.287844, 0.6117
0.45, 0.199316, -0.325685, 0.592419
0.45, 0.169055, -0.362241, 0.5708
0.45, 0.138793, -0.397367, 0.546929
0.45, 0.108531, -0.430925, 0.520898
0.45, 0.0782698, -0.462782, 0.492813
0.45, 0.0480083, -0.492813, 0.462782
0.45, 0.0177467, -0.520898, 0.430925
0.45, -0.0125149, -0.546929, 0.397367
0.45, -0.0427765, -0.5708, 0.362241
0.45, -0.0730381, -0.592419, 0.325685
0.45, -0.1033, -0.6117, 0.287844
0.45, -0.133561, -0.628567, 0.248867
0.45, -0.163823, -0.642953, 0.208908
0.45, -0.194084, -0.654802, 0.168125
0.45, -0.224346, -0.664066, 0.126677
0.45, -0.254608, -0.67071, 0.0847304
0.45, -0.284869, -0.674707, 0.042449
0.435, -0.3, -0.676041, 8.27884e-017
0.405, -0.3, -0.674707, -0.042449
0.375, -0.3, -0.67071, -0.0847304
0.345, -0.3, -0.664066, -0.126677
0.315, -0.3, -0.654802, -0.168125
0.285, -0.3, -0.642953, -0.208908
0.255, -0.3, -0.628567, -0.248867
0.225, -0.3, -0.6117, -0.287844
0.195, -0.3, -0.592419, -0.325685
0.165, -0.3, -0.5708, -0.362241
0.135, -0.3, -0.546929, -0.397367
0.105, -0.3, -0.520898, -0.430925
0.075, -0.3, -0.492813, -0.462782
0.045, -0.3, -0.462782, -0.492813
0.015, -0.3, -0.430925, -0.520898
-0.015, -0.3, -0.397367, -0.546929
-0.045, -0.3, -0.362241, -0.5708
-0.075, -0.3, -0.325685, -0.592419
-0.105, -0.3, -0.287844, -0.6117
-0.135, -0.3, -0.248867, -0.628567
-0.165, -0.3, -0.208908, -0.642953
-0.195, -0.3, -0.168125, -0.654802
-0.225, -0.3, -0.126677, -0.664066
-0.255, -0.3, -0.0847304, -0.67071
-0.285, -0.3, -0.042449, -0.674707
-0.315, -0.3, -1.24183e-016, -0.676041
-0.345, -0.3, 0.042449, -0.674707
-0.375, -0.3, 0.0847304, -0.67071
-0.405, -0.3, 0.126677, -0.664066
-0.435, -0.3, 0.168125, -0.654802
-0.45, -0.285081, 0.208908, -0.642953
-0.45, -0.255244, 0.248867, -0.628567
-0.45, -0.225407, 0.287844, -0.6117
-0.45, -0.195569, 0.325685, -0.592419
-0.45, -0.165732, 0.362241, -0.5708
-0.45, -0.135895, 0.397367, -0.546929
-0.45, -0.106058, 0.430925, -0.520898
-0.45, -0.0762203, 0.462782, -0.492813
-0.45, -0.046383, 0.492813, -0.462782
-0.45, -0.0165457, 0.520898, -0.430925
-0.45, 0.0132916, 0.546929, -0.397367
-0.45, 0.0431288, 0.5708, -0.362241
-0.45, 0.0729661, 0.592419, -0.325685
-0.45, 0.102803, 0.6117, -0.287844
-0.45, 0.132641, 0.628567, -0.248867
-0.45, 0.162478, 0.642953, -0.208908
-0.45, 0.192315, 0.654802, -0.168125
-0.45, 0.222153, 0.664066, -0.126677
-0.45, 0.25199, 0.67071, -0.0847304
-0.45, 0.281827, 0.674707, -0.042449
