-0.435, 0.28831, 0.676041, 0
-0.405, 0.28817, 0.674707, 0.042449
-0.375, 0.288549, 0.67071, 0.0847304
-0.345, 0.289252, 0.664066, 0.126677
-0.315, 0.290147, 0.654802, 0.168125
-0.285, 0.291152, 0.642953, 0.208908
-0.255, 0.292211, 0.628567, 0.248867
-0.225, 0.293286, 0.6117, 0.287844
-0.195, 0.294352, 0.592419, 0.325685
-0.165, 0.29539, 0.5708, 0.362241
-0.135, 0.296392, 0.546929, 0.397367
-0.105, 0.297351, 0.520898, 0.430925
-0.075, 0.298268, 0.492813, 0.462782
-0.045, 0.299142, 0.462782, 0.492813
-0.015, 0.29998, 0.430925, 0.520898
0.015, 0.300784, 0.397367, 0.546929
0.045, 0.301561, 0.362241, 0.5708
0.075, 0.302313, 0.325685, 0.592419
0.105, 0.303047, 0.287844, 0.6117
0.135, 0.303768, 0.248867, 0.628567
0.165, 0.304481, 0.208908, 0.642953
0.195, 0.305195, 0.168125, 0.654802
0.225, 0.305921, 0.126677, 0.664066
0.255, 0.306673, 0.0847304, 0.67071
0.285, 0.307469, 0.042449, 0.674707
0.315, 0.308329, 4.13942e-017, 0.676041
0.345, 0.309283, -0.042449, 0.674707
0.375, 0.310375, -0.0847304, 0.67071
0.405, 0.311679, -0.126677, 0.664066
0.435, 0.313341, -0.168125, 0.654802
0.45, 0.298007, -0.208908, 0.642953
0.45, 0.26734, -0.248867, 0.628567
0.45, 0.236673, -0.287844, 0.6117
0.45, 0.206006, -0.325685, 0.592419
0.45, 0.175339, -0.362241, 0.5708
0.45, 0.144672, -0.397367, 0.546929
0.45, 0.114005, -0.430925, 0.520898
0.45, 0.0833379, -0.462782, 0.492813
0.45, 0.0526709, -0.492813, 0.462782
0.45, 0.0220039, -0.520898, 0.430925
0.45, -0.00866318, -0.546929, 0.397367
0.45, -0.0393302, -0.5708, 0.362241
0.45, -0.0699972, -0.592419, 0.325685
0.45, -0.100664, -0.6117, 0.287844
0.45, -0.131331, -0.628567, 0.248867
0.45, -0.161998, -0.642953, 0.208908
0.45, -0.192665, -0.654802, 0.168125
0.45, -0.223332, -0.664066, 0.126677
0.45, -0.253999, -0.67071, 0.0847304
0.45, -0.284666, -0.674707, 0.042449
0.435, -0.3, -0.676041, 8.27884e-017
0.405, -0.3, -0.674707, -0.042449
0.375, -0.3, -0.67071, -0.0847304
0.345, -0.3, -0.664066, -0.126677
0.315, -0.3, -0.654802, -0.168125
0.285, -0.3, -0.642953, -0.208908
0.255, -0.3, -0.628567, -0.248867
0.225, -0.3, -0.6117, -0.287844
0.195, -0.3, -0.592419, -0.325685
0.165, -0.3, -0.5708, -0.362241
0.135, -0.3, -0.546929, -0.397367
0.105, -0.3, -0.520898, -0.430925
0.075, -0.3, -0.492813, -0.462782
0.045, -0.3, -0.462782, -0.492813
0.015, -0.3, -0.430925, -0.520898
-0.015, -0.3, -0.397367, -0.546929
-0.045, -0.3, -0.362241, -0.5708
-0.075, -0.3, -0.325685, -0.592419
-0.105, -0.3, -0.287844, -0.6117
-0.135, -0.3, -0.248867, -0.628567
-0.165, -0.3, -0.208908, -0.642953
-0.195, -0.3, -0.168125, -0.654802
-0.225, -0.3, -0.126677, -0.664066
-0.255, -0.3, -0.0847304, -0.67071
-0.285, -0.3, -0.042449, -0.674707
-0.315, -0.3, -1.24183e-016, -0.676041
-0.345, -0.3, 0.042449, -0.674707
-0.375, -0.3, 0.0847304, -0.67071
-0.405, -0.3, 0.126677, -0.664066
-0.435, -0.3, 0.168125, -0.654802
-0.45, -0.285292, 0.208908, -0.642953
-0.45, -0.255877, 0.248867, -0.628567
-0.45, -0.226461, 0.287844, -0.6117
-0.45, -0.197046, 0.325685, -0.592419
-0.45, -0.16763, 0.362241, -0.5708
-0.45, -0.138215, 0.397367, -0.546929
-0.45, -0.108799, 0.430925, -0.520898
-0.45, -0.0793839, 0.462782, -0.492813
-0.45, -0.0499684, 0.492813, -0.462782
-0.45, -0.0205529, 0.520898, -0.430925
-0.45, 0.00886256, 0.546929, -0.397367
-0.45, 0.038278, 0.5708, -0.362241
-0.45, 0.0676935, 0.592419, -0.325685
-0.45, 0.097109, 0.6117, -0.287844
-0.45, 0.126524, 0.628567, -0.248867
-0.45, 0.15594, 0.642953, -0.208908
-0.45, 0.185355, 0.654802, -0.168125
-0.45, 0.214771, 0.664066, -0.126677
-0.45, 0.244186, 0.67071, -0.0847304
-0.45, 0.273602, 0.674707, -0.042449
