-0.435, 0.301794, 0.676041, 0
-0.405, 0.300718, 0.674707, 0.042449
-0.375, 0.300155, 0.67071, 0.0847304
-0.345, 0.299884, 0.664066, 0.126677
-0.315, 0.299777, 0.654802, 0.168125
-0.285, 0.299763, 0.642953, 0.208908
-0.255, 0.299797, 0.628567, 0.248867
-0.225, 0.299852, 0.6117, 0.287844
-0.195, 0.299909, 0.592419, 0.325685
-0.165, 0.29996, 0.5708, 0.362241
-0.135, 0.299997, 0.546929, 0.397367
-0.105, 0.300018, 0.520898, 0.430925
-0.075, 0.300022, 0.492813, 0.462782
-0.045, 0.300012, 0.462782, 0.492813
-0.015, 0.299987, 0.430925, 0.520898
0.015, 0.29995, 0.397367, 0.546929
0.045, 0.2999, 0.362241, 0.5708
0.075, 0.299836, 0.325685, 0.592419
0.105, 0.299757, 0.287844, 0.6117
0.135, 0.299662, 0.248867, 0.628567
0.165, 0.299553, 0.208908, 0.642953
0.195, 0.299432, 0.168125, 0.654802
0.225, 0.299306, 0.126677, 0.664066
0.255, 0.299188, 0.0847304, 0.67071
0.285, 0.299099, 0.042449, 0.674707
0.315, 0.299068, 4.13942e-017, 0.676041
0.345, 0.299145, -0.042449, 0.674707
0.375, 0.299408, -0.0847304, 0.67071
0.405, 0.299991, -0.126677, 0.664066
0.435, 0.301114, -0.168125, 0.654802
0.45, 0.286086, -0.208908, 0.642953
0.45, 0.25603, -0.248867, 0.628567
0.45, 0.225975, -0.287844, 0.6117
0.45, 0.195919, -0.325685, 0.592419
0.45, 0.165863, -0.362241, 0.5708
0.45, 0.135808, -0.397367, 0.546929
0.45, 0.105752, -0.430925, 0.520898
0.45, 0.0756962, -0.462782, 0.492813
0.45, 0.0456405, -0.492813, 0.462782
0.45, 0.0155848, -0.520898, 0.430925
0.45, -0.0144709, -0.546929, 0.397367
0.45, -0.0445266, -0.5708, 0.362241
0.45, -0.0745823, -0.592419, 0.325685
0.45, -0.104638, -0.6117, 0.287844
0.45, -0.134694, -0.628567, 0.248867
0.45, -0.164749, -0.642953, 0.208908
0.45, -0.194805, -0.654802, 0.168125
0.45, -0.224861, -0.664066, 0.126677
0.45, -0.254916, -0.67071, 0.0847304
0.45, -0.284972, -0.674707, 0.042449
0.435, -0.3, -0.676041, 8.27884e-017
0.405, -0.3, -0.674707, -0.042449
0.375, -0.3, -0.67071, -0.0847304
0.345, -0.3, -0.664066, -0.126677
0.315, -0.3, -0.654802, -0.168125
0.285, -0.3, -0.642953, -0.208908
0.255, -0.3, -0.628567, -0.248867
0.225, -0.3, -0.6117, -0.287844
0.195, -0.3, -0.592419, -0.325685
0.165, -0.3, -0.5708, -0.362241
0.135, -0.3, -0.546929, -0.397367
0.105, -0.3, -0.520898, -0.430925
0.075, -0.3, -0.492813, -0.462782
0.045, -0.3, -0.462782, -0.492813
0.015, -0.3, -0.430925, -0.520898
-0.015, -0.3, -0.397367, -0.546929
-0.045, -0.3, -0.362241, -0.5708
-0.075, -0.3, -0.325685, -0.592419
-0.105, -0.3, -0.287844, -0.6117
-0.135, -0.3, -0.248867, -0.628567
-0.165, -0.3, -0.208908, -0.642953
-0.195, -0.3, -0.168125, -0.654802
-0.225, -0.3, -0.126677, -0.664066
-0.255, -0.3, -0.0847304, -0.67071
-0.285, -0.3, -0.042449, -0.674707
-0.315, -0.3, -1.24183e-016, -0.676041
-0.345, -0.3, 0.042449, -0.674707
-0.375, -0.3, 0.0847304, -0.67071
-0.405, -0.3, 0.126677, -0.664066
-0.435, -0.3, 0.168125, -0.654802
-0.45, -0.284955, 0.208908, -0.642953
-0.45, -0.254865, 0.248867, -0.628567
-0.45, -0.224776, 0.287844, -0.6117
-0.45, -0.194686, 0.325685, -0.592419
-0.45, -0.164596, 0.362241, -0.5708
-0.45, -0.134507, 0.397367, -0.546929
-0.45, -0.104417, 0.430925, -0.520898
-0.45, -0.0743272, 0.462782, -0.492813
-0.45, -0.0442375, 0.492813, -0.462782
-0.45, -0.0141478, 0.520898, -0.430925
-0.45, 0.0159419, 0.546929, -0.397367
-0.45, 0.0460316, 0.5708, -0.362241
-0.45, 0.0761213, 0.592419, -0.325685
-0.45, 0.106211, 0.6117, -0.287844
-0.45, 0.136301, 0.628567, -0.248867
-0.45, 0.16639, 0.642953, -0.208908
-0.45, 0.19648, 0.654802, -0.168125
-0.45, 0.22657, 0.664066, -0.126677
-0.45, 0.256659, 0.67071, -0.0847304
-0.45, 0.286749, 0.674707, -0.042449
