-0.435, 0.313259, 0.676041, 0
-0.405, 0.311365, 0.674707, 0.042449
-0.375, 0.310009, 0.67071, 0.0847304
-0.345, 0.30894, 0.664066, 0.126677
-0.315, 0.30803, 0.654802, 0.168125
-0.285, 0.30721, 0.642953, 0.208908
-0.255, 0.30644, 0.628567, 0.248867
-0.225, 0.305698, 0.6117, 0.287844
-0.195, 0.304968, 0.592419, 0.325685
-0.165, 0.30424, 0.5708, 0.362241
-0.135, 0.30351, 0.546929, 0.397367
-0.105, 0.302774, 0.520898, 0.430925
-0.075, 0.30203, 0.492813, 0.462782
-0.045, 0.301276, 0.462782, 0.492813
-0.015, 0.30051, 0.430925, 0.520898
0.015, 0.299728, 0.397367, 0.546929
0.045, 0.298927, 0.362241, 0.5708
0.075, 0.298101, 0.325685, 0.592419
0.105, 0.297244, 0.287844, 0.6117
0.135, 0.296352, 0.248867, 0.628567
0.165, 0.295422, 0.208908, 0.642953
0.195, 0.294457, 0.168125, 0.654802
0.225, 0.293464, 0.126677, 0.664066
0.255, 0.292459, 0.0847304, 0.67071
0.285, 0.291469, 0.042449, 0.674707
0.315, 0.290539, 4.13942e-017, 0.676041
0.345, 0.289737, -0.042449, 0.674707
0.375, 0.289175, -0.0847304, 0.67071
0.405, 0.289025, -0.126677, 0.664066
0.435, 0.289543, -0.168125, 0.654802
0.45, 0.274805, -0.208908, 0.642953
0.45, 0.245327, -0.248867, 0.628567
0.45, 0.21585, -0.287844, 0.6117
0.45, 0.186373, -0.325685, 0.592419
0.45, 0.156896, -0.362241, 0.5708
0.45, 0.127419, -0.397367, 0.546929
0.45, 0.0979416, -0.430925, 0.520898
0.45, 0.0684645, -0.462782, 0.492813
0.45, 0.0389873, -0.492813, 0.462782
0.45, 0.00951017, -0.520898, 0.430925
0.45, -0.019967, -0.546929, 0.397367
0.45, -0.0494441, -0.5708, 0.362241
0.45, -0.0789213, -0.592419, 0.325685
0.45, -0.108398, -0.6117, 0.287844
0.45, -0.137876, -0.628567, 0.248867
0.45, -0.167353, -0.642953, 0.208908
0.45, -0.19683, -0.654802, 0.168125
0.45, -0.226307, -0.664066, 0.126677
0.45, -0.255784, -0.67071, 0.0847304
0.45, -0.285261, -0.674707, 0.042449
0.435, -0.3, -0.676041, 8.27884e-017
0.405, -0.3, -0.674707, -0.042449
0.375, -0.3, -0.67071, -0.0847304
0.345, -0.3, -0.664066, -0.126677
0.315, -0.3, -0.654802, -0.168125
0.285, -0.3, -0.642953, -0.208908
0.255, -0.3, -0.628567, -0.248867
0.225, -0.3, -0.6117, -0.287844
0.195, -0.3, -0.592419, -0.325685
0.165, -0.3, -0.5708, -0.362241
0.135, -0.3, -0.546929, -0.397367
0.105, -0.3, -0.520898, -0.430925
0.075, -0.3, -0.492813, -0.462782
0.045, -0.3, -0.462782, -0.492813
0.015, -0.3, -0.430925, -0.520898
-0.015, -0.3, -0.397367, -0.546929
-0.045, -0.3, -0.362241, -0.5708
-0.075, -0.3, -0.325685, -0.592419
-0.105, -0.3, -0.287844, -0.6117
-0.135, -0.3, -0.248867, -0.628567
-0.165, -0.3, -0.208908, -0.642953
-0.195, -0.3, -0.168125, -0.654802
-0.225, -0.3, -0.126677, -0.664066
-0.255, -0.3, -0.0847304, -0.67071
-0.285, -0.3, -0.042449, -0.674707
-0.315, -0.3, -1.24183e-016, -0.676041
-0.345, -0.3, 0.042449, -0.674707
-0.375, -0.3, 0.0847304, -0.67071
-0.405, -0.3, 0.126677, -0.664066
-0.435, -0.3, 0.168125, -0.654802
-0.45, -0.284669, 0.208908, -0.642953
-0.45, -0.254006, 0.248867, -0.628567
-0.45, -0.223343, 0.287844, -0.6117
-0.45, -0.19268, 0.325685, -0.592419
-0.45, -0.162017, 0.362241, -0.5708
-0.45, -0.131354, 0.397367, -0.546929
-0.45, -0.100691, 0.430925, -0.520898
-0.45, -0.0700279, 0.462782, -0.492813
-0.45, -0.039365, 0.492813, -0.462782
-0.45, -0.00870206, 0.520898, -0.430925
-0.45, 0.0219609, 0.546929, -0.397367
-0.45, 0.0526238, 0.5708, -0.362241
-0.45, 0.0832868, 0.592419, -0.325685
-0.45, 0.11395, 0.6117, -0.287844
-0.45, 0.144613, 0.628567, -0.248867
-0.45, 0.175276, 0.642953, -0.208908
-0.45, 0.205939, 0.654802, -0.168125
-0.45, 0.236601, 0.664066, -0.126677
-0.45, 0.267264, 0.67071, -0.0847304
-0.45, 0.297927, 0.674707, -0.042449
