-0.435, 0.317313, 0.676041, 0
-0.405, 0.315104, 0.674707, 0.042449
-0.375, 0.313477, 0.67071, 0.0847304
-0.345, 0.312154, 0.664066, 0.126677
-0.315, 0.310996, 0.654802, 0.168125
-0.285, 0.309927, 0.642953, 0.208908
-0.255, 0.308907, 0.628567, 0.248867
-0.225, 0.307911, 0.6117, 0.287844
-0.195, 0.306924, 0.592419, 0.325685
-0.165, 0.305938, 0.5708, 0.362241
-0.135, 0.304947, 0.546929, 0.397367
-0.105, 0.303948, 0.520898, 0.430925
-0.075, 0.302939, 0.492813, 0.462782
-0.045, 0.301917, 0.462782, 0.492813
-0.015, 0.300878, 0.430925, 0.520898
0.015, 0.299817, 0.397367, 0.546929
0.045, 0.298729, 0.362241, 0.5708
0.075, 0.297606, 0.325685, 0.592419
0.105, 0.296442, 0.287844, 0.6117
0.135, 0.295229, 0.248867, 0.628567
0.165, 0.293965, 0.208908, 0.642953
0.195, 0.292652, 0.168125, 0.654802
0.225, 0.291297, 0.126677, 0.664066
0.255, 0.289919, 0.0847304, 0.67071
0.285, 0.288551, 0.042449, 0.674707
0.315, 0.287245, 4.13942e-017, 0.676041
0.345, 0.286081, -0.042449, 0.674707
0.375, 0.285187, -0.0847304, 0.67071
0.405, 0.284756, -0.126677, 0.664066
0.435, 0.285064, -0.168125, 0.654802
0.45, 0.270437, -0.208908, 0.642953
0.45, 0.241184, -0.248867, 0.628567
0.45, 0.211931, -0.287844, 0.6117
0.45, 0.182678, -0.325685, 0.592419
0.45, 0.153425, -0.362241, 0.5708
0.45, 0.124171, -0.397367, 0.546929
0.45, 0.0949182, -0.430925, 0.520898
0.45, 0.065665, -0.462782, 0.492813
0.45, 0.0364118, -0.492813, 0.462782
0.45, 0.00715858, -0.520898, 0.430925
0.45, -0.0220946, -0.546929, 0.397367
0.45, -0.0513478, -0.5708, 0.362241
0.45, -0.080601, -0.592419, 0.325685
0.45, -0.109854, -0.6117, 0.287844
0.45, -0.139107, -0.628567, 0.248867
0.45, -0.168361, -0.642953, 0.208908
0.45, -0.197614, -0.654802, 0.168125
0.45, -0.226867, -0.664066, 0.126677
0.45, -0.25612, -0.67071, 0.0847304
0.45, -0.285373, -0.674707, 0.042449
0.435, -0.3, -0.676041, 8.27884e-017
0.405, -0.3, -0.674707, -0.042449
0.375, -0.3, -0.67071, -0.0847304
0.345, -0.3, -0.664066, -0.126677
0.315, -0.3, -0.654802, -0.168125
0.285, -0.3, -0.642953, -0.208908
0.255, -0.3, -0.628567, -0.248867
0.225, -0.3, -0.6117, -0.287844
0.195, -0.3, -0.592419, -0.325685
0.165, -0.3, -0.5708, -0.362241
0.135, -0.3, -0.546929, -0.397367
0.105, -0.3, -0.520898, -0.430925
0.075, -0.3, -0.492813, -0.462782
0.045, -0.3, -0.462782, -0.492813
0.015, -0.3, -0.430925, -0.520898
-0.015, -0.3, -0.397367, -0.546929
-0.045, -0.3, -0.362241, -0.5708
-0.075, -0.3, -0.325685, -0.592419
-0.105, -0.3, -0.287844, -0.6117
-0.135, -0.3, -0.248867, -0.628567
-0.165, -0.3, -0.208908, -0.642953
-0.195, -0.3, -0.168125, -0.654802
-0.225, -0.3, -0.126677, -0.664066
-0.255, -0.3, -0.0847304, -0.67071
-0.285, -0.3, -0.042449, -0.674707
-0.315, -0.3, -1.24183e-016, -0.676041
-0.345, -0.3, 0.042449, -0.674707
-0.375, -0.3, 0.0847304, -0.67071
-0.405, -0.3, 0.126677, -0.664066
-0.435, -0.3, 0.168125, -0.654802
-0.45, -0.284567, 0.208908, -0.642953
-0.45, -0.253702, 0.248867, -0.628567
-0.45, -0.222836, 0.287844, -0.6117
-0.45, -0.19197, 0.325685, -0.592419
-0.45, -0.161105, 0.362241, -0.5708
-0.45, -0.130239, 0.397367, -0.546929
-0.45, -0.0993732, 0.430925, -0.520898
-0.45, -0.0685075, 0.462782, -0.492813
-0.45, -0.0376419, 0.492813, -0.462782
-0.45, -0.00677621, 0.520898, -0.430925
-0.45, 0.0240894, 0.546929, -0.397367
-0.45, 0.0549551, 0.5708, -0.362241
-0.45, 0.0858208, 0.592419, -0.325685
-0.45, 0.116686, 0.6117, -0.287844
-0.45, 0.147552, 0.628567, -0.248867
-0.45, 0.178418, 0.642953, -0.208908
-0.45, 0.209283, 0.654802, -0.168125
-0.45, 0.240149, 0.664066, -0.126677
-0.45, 0.271015, 0.67071, -0.0847304
-0.45, 0.30188, 0.674707, -0.042449
