-0.435, 0.316701, 0.676041, 0
-0.405, 0.314455, 0.674707, 0.042449
-0.375, 0.312855, 0.67071, 0.0847304
-0.345, 0.311591, 0.664066, 0.126677
-0.315, 0.310505, 0.654802, 0.168125
-0.285, 0.30951, 0.642953, 0.208908
-0.255, 0.30856, 0.628567, 0.248867
-0.225, 0.307629, 0.6117, 0.287844
-0.195, 0.306701, 0.592419, 0.325685
-0.165, 0.305769, 0.5708, 0.362241
-0.135, 0.304828, 0.546929, 0.397367
-0.105, 0.303876, 0.520898, 0.430925
-0.075, 0.302912, 0.492813, 0.462782
-0.045, 0.301934, 0.462782, 0.492813
-0.015, 0.300939, 0.430925, 0.520898
0.015, 0.299922, 0.397367, 0.546929
0.045, 0.298878, 0.362241, 0.5708
0.075, 0.297798, 0.325685, 0.592419
0.105, 0.296675, 0.287844, 0.6117
0.135, 0.295501, 0.248867, 0.628567
0.165, 0.29427, 0.208908, 0.642953
0.195, 0.292985, 0.168125, 0.654802
0.225, 0.29165, 0.126677, 0.664066
0.255, 0.290285, 0.0847304, 0.67071
0.285, 0.28892, 0.042449, 0.674707
0.315, 0.28761, 4.13942e-017, 0.676041
0.345, 0.28644, -0.042449, 0.674707
0.375, 0.285544, -0.0847304, 0.67071
0.405, 0.285127, -0.126677, 0.664066
0.435, 0.285487, -0.168125, 0.654802
0.45, 0.27085, -0.208908, 0.642953
0.45, 0.241575, -0.248867, 0.628567
0.45, 0.212301, -0.287844, 0.6117
0.45, 0.183027, -0.325685, 0.592419
0.45, 0.153752, -0.362241, 0.5708
0.45, 0.124478, -0.397367, 0.546929
0.45, 0.0952035, -0.430925, 0.520898
0.45, 0.0659292, -0.462782, 0.492813
0.45, 0.0366549, -0.492813, 0.462782
0.45, 0.00738052, -0.520898, 0.430925
0.45, -0.0218938, -0.546929, 0.397367
0.45, -0.0511681, -0.5708, 0.362241
0.45, -0.0804425, -0.592419, 0.325685
0.45, -0.109717, -0.6117, 0.287844
0.45, -0.138991, -0.628567, 0.248867
0.45, -0.168265, -0.642953, 0.208908
0.45, -0.19754, -0.654802, 0.168125
0.45, -0.226814, -0.664066, 0.126677
0.45, -0.256088, -0.67071, 0.0847304
0.45, -0.285363, -0.674707, 0.042449
0.435, -0.3, -0.676041, 8.27884e-017
0.405, -0.3, -0.674707, -0.042449
0.375, -0.3, -0.67071, -0.0847304
0.345, -0.3, -0.664066, -0.126677
0.315, -0.3, -0.654802, -0.168125
0.285, -0.3, -0.642953, -0.208908
0.255, -0.3, -0.628567, -0.248867
0.225, -0.3, -0.6117, -0.287844
0.195, -0.3, -0.592419, -0.325685
0.165, -0.3, -0.5708, -0.362241
0.135, -0.3, -0.546929, -0.397367
0.105, -0.3, -0.520898, -0.430925
0.075, -0.3, -0.492813, -0.462782
0.045, -0.3, -0.462782, -0.492813
0.015, -0.3, -0.430925, -0.520898
-0.015, -0.3, -0.397367, -0.546929
-0.045, -0.3, -0.362241, -0.5708
-0.075, -0.3, -0.325685, -0.592419
-0.105, -0.3, -0.287844, -0.6117
-0.135, -0.3, -0.248867, -0.628567
-0.165, -0.3, -0.208908, -0.642953
-0.195, -0.3, -0.168125, -0.654802
-0.225, -0.3, -0.126677, -0.664066
-0.255, -0.3, -0.0847304, -0.67071
-0.285, -0.3, -0.042449, -0.674707
-0.315, -0.3, -1.24183e-016, -0.676041
-0.345, -0.3, 0.042449, -0.674707
-0.375, -0.3, 0.0847304, -0.67071
-0.405, -0.3, 0.126677, -0.664066
-0.435, -0.3, 0.168125, -0.654802
-0.45, -0.284582, 0.208908, -0.642953
-0.45, -0.253747, 0.248867, -0.628567
-0.45, -0.222912, 0.287844, -0.6117
-0.45, -0.192077, 0.325685, -0.592419
-0.45, -0.161242, 0.362241, -0.5708
-0.45, -0.130407, 0.397367, -0.546929
-0.45, -0.099572, 0.430925, -0.520898
-0.45, -0.068737, 0.462782, -0.492813
-0.45, -0.0379019, 0.492813, -0.462782
-0.45, -0.00706683, 0.520898, -0.430925
-0.45, 0.0237682, 0.546929, -0.397367
-0.45, 0.0546033, 0.5708, -0.362241
-0.45, 0.0854384, 0.592419, -0.325685
-0.45, 0.116273, 0.6117, -0.287844
-0.45, 0.147109, 0.628567, -0.248867
-0.45, 0.177944, 0.642953, -0.208908
-0.45, 0.208779, 0.654802, -0.168125
-0.45, 0.239614, 0.664066, -0.126677
-0.45, 0.270449, 0.67071, -0.0847304
-0.45, 0.301284, 0.674707, -0.042449
