-0.435, 0.307151, 0.676041, 0
-0.405, 0.305404, 0.674707, 0.042449
-0.375, 0.30439, 0.67071, 0.0847304
-0.345, 0.303772, 0.664066, 0.126677
-0.315, 0.303358, 0.654802, 0.168125
-0.285, 0.30304, 0.642953, 0.208908
-0.255, 0.302757, 0.628567, 0.248867
-0.225, 0.30248, 0.6117, 0.287844
-0.195, 0.302193, 0.592419, 0.325685
-0.165, 0.301891, 0.5708, 0.362241
-0.135, 0.301574, 0.546929, 0.397367
-0.105, 0.301245, 0.520898, 0.430925
-0.075, 0.300909, 0.492813, 0.462782
-0.045, 0.300567, 0.462782, 0.492813
-0.015, 0.300223, 0.430925, 0.520898
0.015, 0.299876, 0.397367, 0.546929
0.045, 0.299522, 0.362241, 0.5708
0.075, 0.299157, 0.325685, 0.592419
0.105, 0.298773, 0.287844, 0.6117
0.135, 0.298361, 0.248867, 0.628567
0.165, 0.297914, 0.208908, 0.642953
0.195, 0.297427, 0.168125, 0.654802
0.225, 0.296899, 0.126677, 0.664066
0.255, 0.296338, 0.0847304, 0.67071
0.285, 0.295762, 0.042449, 0.674707
0.315, 0.295212, 4.13942e-017, 0.676041
0.345, 0.294757, -0.042449, 0.674707
0.375, 0.294521, -0.0847304, 0.67071
0.405, 0.294709, -0.126677, 0.664066
0.435, 0.295653, -0.168125, 0.654802
0.45, 0.280761, -0.208908, 0.642953
0.45, 0.250979, -0.248867, 0.628567
0.45, 0.221196, -0.287844, 0.6117
0.45, 0.191413, -0.325685, 0.592419
0.45, 0.161631, -0.362241, 0.5708
0.45, 0.131848, -0.397367, 0.546929
0.45, 0.102066, -0.430925, 0.520898
0.45, 0.0722829, -0.462782, 0.492813
0.45, 0.0425002, -0.492813, 0.462782
0.45, 0.0127176, -0.520898, 0.430925
0.45, -0.017065, -0.546929, 0.397367
0.45, -0.0468476, -0.5708, 0.362241
0.45, -0.0766303, -0.592419, 0.325685
0.45, -0.106413, -0.6117, 0.287844
0.45, -0.136196, -0.628567, 0.248867
0.45, -0.165978, -0.642953, 0.208908
0.45, -0.195761, -0.654802, 0.168125
0.45, -0.225543, -0.664066, 0.126677
0.45, -0.255326, -0.67071, 0.0847304
0.45, -0.285109, -0.674707, 0.042449
0.435, -0.3, -0.676041, 8.27884e-017
0.405, -0.3, -0.674707, -0.042449
0.375, -0.3, -0.67071, -0.0847304
0.345, -0.3, -0.664066, -0.126677
0.315, -0.3, -0.654802, -0.168125
0.285, -0.3, -0.642953, -0.208908
0.255, -0.3, -0.628567, -0.248867
0.225, -0.3, -0.6117, -0.287844
0.195, -0.3, -0.592419, -0.325685
0.165, -0.3, -0.5708, -0.362241
0.135, -0.3, -0.546929, -0.397367
0.105, -0.3, -0.520898, -0.430925
0.075, -0.3, -0.492813, -0.462782
0.045, -0.3, -0.462782, -0.492813
0.015, -0.3, -0.430925, -0.520898
-0.015, -0.3, -0.397367, -0.546929
-0.045, -0.3, -0.362241, -0.5708
-0.075, -0.3, -0.325685, -0.592419
-0.105, -0.3, -0.287844, -0.6117
-0.135, -0.3, -0.248867, -0.628567
-0.165, -0.3, -0.208908, -0.642953
-0.195, -0.3, -0.168125, -0.654802
-0.225, -0.3, -0.126677, -0.664066
-0.255, -0.3, -0.0847304, -0.67071
-0.285, -0.3, -0.042449, -0.674707
-0.315, -0.3, -1.24183e-016, -0.676041
-0.345, -0.3, 0.042449, -0.674707
-0.375, -0.3, 0.0847304, -0.67071
-0.405, -0.3, 0.126677, -0.664066
-0.435, -0.3, 0.168125, -0.654802
-0.45, -0.284821, 0.208908, -0.642953
-0.45, -0.254464, 0.248867, -0.628567
-0.45, -0.224106, 0.287844, -0.6117
-0.45, -0.193749, 0.325685, -0.592419
-0.45, -0.163391, 0.362241, -0.5708
-0.45, -0.133033, 0.397367, -0.546929
-0.45, -0.102676, 0.430925, -0.520898
-0.45, -0.0723183, 0.462782, -0.492813
-0.45, -0.0419608, 0.492813, -0.462782
-0.45, -0.0116032, 0.520898, -0.430925
-0.45, 0.0187543, 0.546929, -0.397367
-0.45, 0.0491119, 0.5708, -0.362241
-0.45, 0.0794695, 0.592419, -0.325685
-0.45, 0.109827, 0.6117, -0.287844
-0.45, 0.140185, 0.628567, -0.248867
-0.45, 0.170542, 0.642953, -0.208908
-0.45, 0.2009, 0.654802, -0.168125
-0.45, 0.231257, 0.664066, -0.126677
-0.45, 0.261615, 0.67071, -0.0847304
-0.45, 0.291972, 0.674707, -0.042449
