-0.435, 0.316817, 0.676041, 0
-0.405, 0.314284, 0.674707, 0.042449
-0.375, 0.312796, 0.67071, 0.0847304
-0.345, 0.311755, 0.664066, 0.126677
-0.315, 0.310862, 0.654802, 0.168125
-0.285, 0.309968, 0.642953, 0.208908
-0.255, 0.309013, 0.628567, 0.248867
-0.225, 0.307986, 0.6117, 0.287844
-0.195, 0.306896, 0.592419, 0.325685
-0.165, 0.305767, 0.5708, 0.362241
-0.135, 0.30462, 0.546929, 0.397367
-0.105, 0.303479, 0.520898, 0.430925
-0.075, 0.302359, 0.492813, 0.462782
-0.045, 0.301273, 0.462782, 0.492813
-0.015, 0.300227, 0.430925, 0.520898
0.015, 0.299219, 0.397367, 0.546929
0.045, 0.298241, 0.362241, 0.5708
0.075, 0.297279, 0.325685, 0.592419
0.105, 0.296314, 0.287844, 0.6117
0.135, 0.295323, 0.248867, 0.628567
0.165, 0.29428, 0.208908, 0.642953
0.195, 0.293164, 0.168125, 0.654802
0.225, 0.291958, 0.126677, 0.664066
0.255, 0.290659, 0.0847304, 0.67071
0.285, 0.28929, 0.042449, 0.674707
0.315, 0.28791, 4.13942e-017, 0.676041
0.345, 0.28664, -0.042449, 0.674707
0.375, 0.285686, -0.0847304, 0.67071
0.405, 0.285368, -0.126677, 0.664066
0.435, 0.286137, -0.168125, 0.654802
0.45, 0.271484, -0.208908, 0.642953
0.45, 0.242177, -0.248867, 0.628567
0.45, 0.21287, -0.287844, 0.6117
0.45, 0.183563, -0.325685, 0.592419
0.45, 0.154256, -0.362241, 0.5708
0.45, 0.12495, -0.397367, 0.546929
0.45, 0.0956426, -0.430925, 0.520898
0.45, 0.0663358, -0.462782, 0.492813
0.45, 0.0370289, -0.492813, 0.462782
0.45, 0.00772206, -0.520898, 0.430925
0.45, -0.0215848, -0.546929, 0.397367
0.45, -0.0508917, -0.5708, 0.362241
0.45, -0.0801985, -0.592419, 0.325685
0.45, -0.109505, -0.6117, 0.287844
0.45, -0.138812, -0.628567, 0.248867
0.45, -0.168119, -0.642953, 0.208908
0.45, -0.197426, -0.654802, 0.168125
0.45, -0.226733, -0.664066, 0.126677
0.45, -0.25604, -0.67071, 0.0847304
0.45, -0.285347, -0.674707, 0.042449
0.435, -0.3, -0.676041, 8.27884e-017
0.405, -0.3, -0.674707, -0.042449
0.375, -0.3, -0.67071, -0.0847304
0.345, -0.3, -0.664066, -0.126677
0.315, -0.3, -0.654802, -0.168125
0.285, -0.3, -0.642953, -0.208908
0.255, -0.3, -0.628567, -0.248867
0.225, -0.3, -0.6117, -0.287844
0.195, -0.3, -0.592419, -0.325685
0.165, -0.3, -0.5708, -0.362241
0.135, -0.3, -0.546929, -0.397367
0.105, -0.3, -0.520898, -0.430925
0.075, -0.3, -0.492813, -0.462782
0.045, -0.3, -0.462782, -0.492813
0.015, -0.3, -0.430925, -0.520898
-0.015, -0.3, -0.397367, -0.546929
-0.045, -0.3, -0.362241, -0.5708
-0.075, -0.3, -0.325685, -0.592419
-0.105, -0.3, -0.287844, -0.6117
-0.135, -0.3, -0.248867, -0.628567
-0.165, -0.3, -0.208908, -0.642953
-0.195, -0.3, -0.168125, -0.654802
-0.225, -0.3, -0.126677, -0.664066
-0.255, -0.3, -0.0847304, -0.67071
-0.285, -0.3, -0.042449, -0.674707
-0.315, -0.3, -1.24183e-016, -0.676041
-0.345, -0.3, 0.042449, -0.674707
-0.375, -0.3, 0.0847304, -0.67071
-0.405, -0.3, 0.126677, -0.664066
-0.435, -0.3, 0.168125, -0.654802
-0.45, -0.28458, 0.208908, -0.642953
-0.45, -0.253739, 0.248867, -0.628567
-0.45, -0.222898, 0.287844, -0.6117
-0.45, -0.192057, 0.325685, -0.592419
-0.45, -0.161216, 0.362241, -0.5708
-0.45, -0.130375, 0.397367, -0.546929
-0.45, -0.0995345, 0.430925, -0.520898
-0.45, -0.0686936, 0.462782, -0.492813
-0.45, -0.0378528, 0.492813, -0.462782
-0.45, -0.00701193, 0.520898, -0.430925
-0.45, 0.0238289, 0.546929, -0.397367
-0.45, 0.0546698, 0.5708, -0.362241
-0.45, 0.0855106, 0.592419, -0.325685
-0.45, 0.116351, 0.6117, -0.287844
-0.45, 0.147192, 0.628567, -0.248867
-0.45, 0.178033, 0.642953, -0.208908
-0.45, 0.208874, 0.654802, -0.168125
-0.45, 0.239715, 0.664066, -0.126677
-0.45, 0.270556, 0.67071, -0.0847304
-0.45, 0.301397, 0.674707, -0.042449
