-0.435, 0.323582, 0.676041, 0
-0.405, 0.320636, 0.674707, 0.042449
-0.375, 0.31879, 0.67071, 0.0847304
-0.345, 0.317379, 0.664066, 0.126677
-0.315, 0.31609, 0.654802, 0.168125
-0.285, 0.31477, 0.642953, 0.208908
-0.255, 0.313366, 0.628567, 0.248867
-0.225, 0.311874, 0.6117, 0.287844
-0.195, 0.310311, 0.592419, 0.325685
-0.165, 0.308703, 0.5708, 0.362241
-0.135, 0.307077, 0.546929, 0.397367
-0.105, 0.305457, 0.520898, 0.430925
-0.075, 0.303858, 0.492813, 0.462782
-0.045, 0.302293, 0.462782, 0.492813
-0.015, 0.300763, 0.430925, 0.520898
0.015, 0.299265, 0.397367, 0.546929
0.045, 0.297787, 0.362241, 0.5708
0.075, 0.296312, 0.325685, 0.592419
0.105, 0.294817, 0.287844, 0.6117
0.135, 0.293276, 0.248867, 0.628567
0.165, 0.291663, 0.208908, 0.642953
0.195, 0.289957, 0.168125, 0.654802
0.225, 0.288145, 0.126677, 0.664066
0.255, 0.286231, 0.0847304, 0.67071
0.285, 0.284251, 0.042449, 0.674707
0.315, 0.282283, 4.13942e-017, 0.676041
0.345, 0.280468, -0.042449, 0.674707
0.375, 0.279032, -0.0847304, 0.67071
0.405, 0.278314, -0.126677, 0.664066
0.435, 0.278756, -0.168125, 0.654802
0.45, 0.264287, -0.208908, 0.642953
0.45, 0.235349, -0.248867, 0.628567
0.45, 0.206412, -0.287844, 0.6117
0.45, 0.177474, -0.325685, 0.592419
0.45, 0.148536, -0.362241, 0.5708
0.45, 0.119598, -0.397367, 0.546929
0.45, 0.0906604, -0.430925, 0.520898
0.45, 0.0617226, -0.462782, 0.492813
0.45, 0.0327848, -0.492813, 0.462782
0.45, 0.003847, -0.520898, 0.430925
0.45, -0.0250908, -0.546929, 0.397367
0.45, -0.0540286, -0.5708, 0.362241
0.45, -0.0829664, -0.592419, 0.325685
0.45, -0.111904, -0.6117, 0.287844
0.45, -0.140842, -0.628567, 0.248867
0.45, -0.16978, -0.642953, 0.208908
0.45, -0.198718, -0.654802, 0.168125
0.45, -0.227655, -0.664066, 0.126677
0.45, -0.256593, -0.67071, 0.0847304
0.45, -0.285531, -0.674707, 0.042449
0.435, -0.3, -0.676041, 8.27884e-017
0.405, -0.3, -0.674707, -0.042449
0.375, -0.3, -0.67071, -0.0847304
0.345, -0.3, -0.664066, -0.126677
0.315, -0.3, -0.654802, -0.168125
0.285, -0.3, -0.642953, -0.208908
0.255, -0.3, -0.628567, -0.248867
0.225, -0.3, -0.6117, -0.287844
0.195, -0.3, -0.592419, -0.325685
0.165, -0.3, -0.5708, -0.362241
0.135, -0.3, -0.546929, -0.397367
0.105, -0.3, -0.520898, -0.430925
0.075, -0.3, -0.492813, -0.462782
0.045, -0.3, -0.462782, -0.492813
0.015, -0.3, -0.430925, -0.520898
-0.015, -0.3, -0.397367, -0.546929
-0.045, -0.3, -0.362241, -0.5708
-0.075, -0.3, -0.325685, -0.592419
-0.105, -0.3, -0.287844, -0.6117
-0.135, -0.3, -0.248867, -0.628567
-0.165, -0.3, -0.208908, -0.642953
-0.195, -0.3, -0.168125, -0.654802
-0.225, -0.3, -0.126677, -0.664066
-0.255, -0.3, -0.0847304, -0.67071
-0.285, -0.3, -0.042449, -0.674707
-0.315, -0.3, -1.24183e-016, -0.676041
-0.345, -0.3, 0.042449, -0.674707
-0.375, -0.3, 0.0847304, -0.67071
-0.405, -0.3, 0.126677, -0.664066
-0.435, -0.3, 0.168125, -0.654802
-0.45, -0.28441, 0.208908, -0.642953
-0.45, -0.253231, 0.248867, -0.628567
-0.45, -0.222052, 0.287844, -0.6117
-0.45, -0.190873, 0.325685, -0.592419
-0.45, -0.159694, 0.362241, -0.5708
-0.45, -0.128515, 0.397367, -0.546929
-0.45, -0.0973357, 0.430925, -0.520898
-0.45, -0.0661566, 0.462782, -0.492813
-0.45, -0.0349775, 0.492813, -0.462782
-0.45, -0.0037984, 0.520898, -0.430925
-0.45, 0.0273807, 0.546929, -0.397367
-0.45, 0.0585598, 0.5708, -0.362241
-0.45, 0.0897389, 0.592419, -0.325685
-0.45, 0.120918, 0.6117, -0.287844
-0.45, 0.152097, 0.628567, -0.248867
-0.45, 0.183276, 0.642953, -0.208908
-0.45, 0.214455, 0.654802, -0.168125
-0.45, 0.245635, 0.664066, -0.126677
-0.45, 0.276814, 0.67071, -0.0847304
-0.45, 0.307993, 0.674707, -0.042449
