-0.435, 0.324574, 0.676041, 0
-0.405, 0.321564, 0.674707, 0.042449
-0.375, 0.319683, 0.67071, 0.0847304
-0.345, 0.318245, 0.664066, 0.126677
-0.315, 0.316924, 0.654802, 0.168125
-0.285, 0.315562, 0.642953, 0.208908
-0.255, 0.314106, 0.628567, 0.248867
-0.225, 0.312552, 0.6117, 0.287844
-0.195, 0.31092, 0.592419, 0.325685
-0.165, 0.309238, 0.5708, 0.362241
-0.135, 0.307534, 0.546929, 0.397367
-0.105, 0.305834, 0.520898, 0.430925
-0.075, 0.304155, 0.492813, 0.462782
-0.045, 0.302508, 0.462782, 0.492813
-0.015, 0.300896, 0.430925, 0.520898
0.015, 0.299315, 0.397367, 0.546929
0.045, 0.297752, 0.362241, 0.5708
0.075, 0.29619, 0.325685, 0.592419
0.105, 0.294604, 0.287844, 0.6117
0.135, 0.292968, 0.248867, 0.628567
0.165, 0.291256, 0.208908, 0.642953
0.195, 0.289446, 0.168125, 0.654802
0.225, 0.287525, 0.126677, 0.664066
0.255, 0.285499, 0.0847304, 0.67071
0.285, 0.283407, 0.042449, 0.674707
0.315, 0.281329, 4.13942e-017, 0.676041
0.345, 0.279414, -0.042449, 0.674707
0.375, 0.277896, -0.0847304, 0.67071
0.405, 0.277119, -0.126677, 0.664066
0.435, 0.277533, -0.168125, 0.654802
0.45, 0.263095, -0.208908, 0.642953
0.45, 0.234218, -0.248867, 0.628567
0.45, 0.205342, -0.287844, 0.6117
0.45, 0.176465, -0.325685, 0.592419
0.45, 0.147588, -0.362241, 0.5708
0.45, 0.118712, -0.397367, 0.546929
0.45, 0.0898351, -0.430925, 0.520898
0.45, 0.0609584, -0.462782, 0.492813
0.45, 0.0320818, -0.492813, 0.462782
0.45, 0.00320508, -0.520898, 0.430925
0.45, -0.0256716, -0.546929, 0.397367
0.45, -0.0545483, -0.5708, 0.362241
0.45, -0.0834249, -0.592419, 0.325685
0.45, -0.112302, -0.6117, 0.287844
0.45, -0.141178, -0.628567, 0.248867
0.45, -0.170055, -0.642953, 0.208908
0.45, -0.198932, -0.654802, 0.168125
0.45, -0.227808, -0.664066, 0.126677
0.45, -0.256685, -0.67071, 0.0847304
0.45, -0.285562, -0.674707, 0.042449
0.435, -0.3, -0.676041, 8.27884e-017
0.405, -0.3, -0.674707, -0.042449
0.375, -0.3, -0.67071, -0.0847304
0.345, -0.3, -0.664066, -0.126677
0.315, -0.3, -0.654802, -0.168125
0.285, -0.3, -0.642953, -0.208908
0.255, -0.3, -0.628567, -0.248867
0.225, -0.3, -0.6117, -0.287844
0.195, -0.3, -0.592419, -0.325685
0.165, -0.3, -0.5708, -0.362241
0.135, -0.3, -0.546929, -0.397367
0.105, -0.3, -0.520898, -0.430925
0.075, -0.3, -0.492813, -0.462782
0.045, -0.3, -0.462782, -0.492813
0.015, -0.3, -0.430925, -0.520898
-0.015, -0.3, -0.397367, -0.546929
-0.045, -0.3, -0.362241, -0.5708
-0.075, -0.3, -0.325685, -0.592419
-0.105, -0.3, -0.287844, -0.6117
-0.135, -0.3, -0.248867, -0.628567
-0.165, -0.3, -0.208908, -0.642953
-0.195, -0.3, -0.168125, -0.654802
-0.225, -0.3, -0.126677, -0.664066
-0.255, -0.3, -0.0847304, -0.67071
-0.285, -0.3, -0.042449, -0.674707
-0.315, -0.3, -1.24183e-016, -0.676041
-0.345, -0.3, 0.042449, -0.674707
-0.375, -0.3, 0.0847304, -0.67071
-0.405, -0.3, 0.126677, -0.664066
-0.435, -0.3, 0.168125, -0.654802
-0.45, -0.284386, 0.208908, -0.642953
-0.45, -0.253157, 0.248867, -0.628567
-0.45, -0.221928, 0.287844, -0.6117
-0.45, -0.1907, 0.325685, -0.592419
-0.45, -0.159471, 0.362241, -0.5708
-0.45, -0.128242, 0.397367, -0.546929
-0.45, -0.0970136, 0.430925, -0.520898
-0.45, -0.0657849, 0.462782, -0.492813
-0.45, -0.0345562, 0.492813, -0.462782
-0.45, -0.00332754, 0.520898, -0.430925
-0.45, 0.0279011, 0.546929, -0.397367
-0.45, 0.0591298, 0.5708, -0.362241
-0.45, 0.0903585, 0.592419, -0.325685
-0.45, 0.121587, 0.6117, -0.287844
-0.45, 0.152816, 0.628567, -0.248867
-0.45, 0.184045, 0.642953, -0.208908
-0.45, 0.215273, 0.654802, -0.168125
-0.45, 0.246502, 0.664066, -0.126677
-0.45, 0.277731, 0.67071, -0.0847304
-0.45, 0.308959, 0.674707, -0.042449
