-0.435, 0.274101, 0.676041, 0
-0.405, 0.273634, 0.674707, 0.042449
-0.375, 0.274575, 0.67071, 0.0847304
-0.345, 0.276406, 0.664066, 0.126677
-0.315, 0.27871, 0.654802, 0.168125
-0.285, 0.281191, 0.642953, 0.208908
-0.255, 0.283659, 0.628567, 0.248867
-0.225, 0.286009, 0.6117, 0.287844
-0.195, 0.288198, 0.592419, 0.325685
-0.165, 0.290226, 0.5708, 0.362241
-0.135, 0.292118, 0.546929, 0.397367
-0.105, 0.293909, 0.520898, 0.430925
-0.075, 0.295643, 0.492813, 0.462782
-0.045, 0.297357, 0.462782, 0.492813
-0.015, 0.299086, 0.430925, 0.520898
0.015, 0.300857, 0.397367, 0.546929
0.045, 0.302686, 0.362241, 0.5708
0.075, 0.304579, 0.325685, 0.592419
0.105, 0.306533, 0.287844, 0.6117
0.135, 0.308532, 0.248867, 0.628567
0.165, 0.310548, 0.208908, 0.642953
0.195, 0.312545, 0.168125, 0.654802
0.225, 0.314476, 0.126677, 0.664066
0.255, 0.316292, 0.0847304, 0.67071
0.285, 0.317952, 0.042449, 0.674707
0.315, 0.319446, 4.13942e-017, 0.676041
0.345, 0.320838, -0.042449, 0.674707
0.375, 0.322337, -0.0847304, 0.67071
0.405, 0.324384, -0.126677, 0.664066
0.435, 0.327911, -0.168125, 0.654802
0.45, 0.312213, -0.208908, 0.642953
0.45, 0.280817, -0.248867, 0.628567
0.45, 0.249422, -0.287844, 0.6117
0.45, 0.218026, -0.325685, 0.592419
0.45, 0.186631, -0.362241, 0.5708
0.45, 0.155235, -0.397367, 0.546929
0.45, 0.12384, -0.430925, 0.520898
0.45, 0.0924442, -0.462782, 0.492813
0.45, 0.0610487, -0.492813, 0.462782
0.45, 0.0296532, -0.520898, 0.430925
0.45, -0.00174238, -0.546929, 0.397367
0.45, -0.0331379, -0.5708, 0.362241
0.45, -0.0645335, -0.592419, 0.325685
0.45, -0.095929, -0.6117, 0.287844
0.45, -0.127325, -0.628567, 0.248867
0.45, -0.15872, -0.642953, 0.208908
0.45, -0.190116, -0.654802, 0.168125
0.45, -0.221511, -0.664066, 0.126677
0.45, -0.252907, -0.67071, 0.0847304
0.45, -0.284302, -0.674707, 0.042449
0.435, -0.3, -0.676041, 8.27884e-017
0.405, -0.3, -0.674707, -0.042449
0.375, -0.3, -0.67071, -0.0847304
0.345, -0.3, -0.664066, -0.126677
0.315, -0.3, -0.654802, -0.168125
0.285, -0.3, -0.642953, -0.208908
0.255, -0.3, -0.628567, -0.248867
0.225, -0.3, -0.6117, -0.287844
0.195, -0.3, -0.592419, -0.325685
0.165, -0.3, -0.5708, -0.362241
0.135, -0.3, -0.546929, -0.397367
0.105, -0.3, -0.520898, -0.430925
0.075, -0.3, -0.492813, -0.462782
0.045, -0.3, -0.462782, -0.492813
0.015, -0.3, -0.430925, -0.520898
-0.015, -0.3, -0.397367, -0.546929
-0.045, -0.3, -0.362241, -0.5708
-0.075, -0.3, -0.325685, -0.592419
-0.105, -0.3, -0.287844, -0.6117
-0.135, -0.3, -0.248867, -0.628567
-0.165, -0.3, -0.208908, -0.642953
-0.195, -0.3, -0.168125, -0.654802
-0.225, -0.3, -0.126677, -0.664066
-0.255, -0.3, -0.0847304, -0.67071
-0.285, -0.3, -0.042449, -0.674707
-0.315, -0.3, -1.24183e-016, -0.676041
-0.345, -0.3, 0.042449, -0.674707
-0.375, -0.3, 0.0847304, -0.67071
-0.405, -0.3, 0.126677, -0.664066
-0.435, -0.3, 0.168125, -0.654802
-0.45, -0.285647, 0.208908, -0.642953
-0.45, -0.256942, 0.248867, -0.628567
-0.45, -0.228237, 0.287844, -0.6117
-0.45, -0.199532, 0.325685, -0.592419
-0.45, -0.170827, 0.362241, -0.5708
-0.45, -0.142122, 0.397367, -0.546929
-0.45, -0.113417, 0.430925, -0.520898
-0.45, -0.0847122, 0.462782, -0.492813
-0.45, -0.0560071, 0.492813, -0.462782
-0.45, -0.0273021, 0.520898, -0.430925
-0.45, 0.00140297, 0.546929, -0.397367
-0.45, 0.030108, 0.5708, -0.362241
-0.45, 0.0588131, 0.592419, -0.325685
-0.45, 0.0875181, 0.6117, -0.287844
-0.45, 0.116223, 0.628567, -0.248867
-0.45, 0.144928, 0.642953, -0.208908
-0.45, 0.173633, 0.654802, -0.168125
-0.45, 0.202338, 0.664066, -0.126677
-0.45, 0.231043, 0.67071, -0.0847304
-0.45, 0.259748, 0.674707, -0.042449
