-0.435, 0.274548, 0.676041, 0
-0.405, 0.273999, 0.674707, 0.042449
-0.375, 0.274891, 0.67071, 0.0847304
-0.345, 0.276692, 0.664066, 0.126677
-0.315, 0.278975, 0.654802, 0.168125
-0.285, 0.281438, 0.642953, 0.208908
-0.255, 0.283887, 0.628567, 0.248867
-0.225, 0.286217, 0.6117, 0.287844
-0.195, 0.288385, 0.592419, 0.325685
-0.165, 0.29039, 0.5708, 0.362241
-0.135, 0.292258, 0.546929, 0.397367
-0.105, 0.294026, 0.520898, 0.430925
-0.075, 0.295737, 0.492813, 0.462782
-0.045, 0.297429, 0.462782, 0.492813
-0.015, 0.299138, 0.430925, 0.520898
0.015, 0.300889, 0.397367, 0.546929
0.045, 0.302698, 0.362241, 0.5708
0.075, 0.304573, 0.325685, 0.592419
0.105, 0.306507, 0.287844, 0.6117
0.135, 0.308484, 0.248867, 0.628567
0.165, 0.310476, 0.208908, 0.642953
0.195, 0.312441, 0.168125, 0.654802
0.225, 0.314333, 0.126677, 0.664066
0.255, 0.3161, 0.0847304, 0.67071
0.285, 0.3177, 0.042449, 0.674707
0.315, 0.319123, 4.13942e-017, 0.676041
0.345, 0.320437, -0.042449, 0.674707
0.375, 0.321862, -0.0847304, 0.67071
0.405, 0.323851, -0.126677, 0.664066
0.435, 0.327346, -0.168125, 0.654802
0.45, 0.311662, -0.208908, 0.642953
0.45, 0.280295, -0.248867, 0.628567
0.45, 0.248928, -0.287844, 0.6117
0.45, 0.21756, -0.325685, 0.592419
0.45, 0.186193, -0.362241, 0.5708
0.45, 0.154826, -0.397367, 0.546929
0.45, 0.123459, -0.430925, 0.520898
0.45, 0.0920913, -0.462782, 0.492813
0.45, 0.060724, -0.492813, 0.462782
0.45, 0.0293567, -0.520898, 0.430925
0.45, -0.00201063, -0.546929, 0.397367
0.45, -0.0333779, -0.5708, 0.362241
0.45, -0.0647452, -0.592419, 0.325685
0.45, -0.0961125, -0.6117, 0.287844
0.45, -0.12748, -0.628567, 0.248867
0.45, -0.158847, -0.642953, 0.208908
0.45, -0.190214, -0.654802, 0.168125
0.45, -0.221582, -0.664066, 0.126677
0.45, -0.252949, -0.67071, 0.0847304
0.45, -0.284316, -0.674707, 0.042449
0.435, -0.3, -0.676041, 8.27884e-017
0.405, -0.3, -0.674707, -0.042449
0.375, -0.3, -0.67071, -0.0847304
0.345, -0.3, -0.664066, -0.126677
0.315, -0.3, -0.654802, -0.168125
0.285, -0.3, -0.642953, -0.208908
0.255, -0.3, -0.628567, -0.248867
0.225, -0.3, -0.6117, -0.287844
0.195, -0.3, -0.592419, -0.325685
0.165, -0.3, -0.5708, -0.362241
0.135, -0.3, -0.546929, -0.397367
0.105, -0.3, -0.520898, -0.430925
0.075, -0.3, -0.492813, -0.462782
0.045, -0.3, -0.462782, -0.492813
0.015, -0.3, -0.430925, -0.520898
-0.015, -0.3, -0.397367, -0.546929
-0.045, -0.3, -0.362241, -0.5708
-0.075, -0.3, -0.325685, -0.592419
-0.105, -0.3, -0.287844, -0.6117
-0.135, -0.3, -0.248867, -0.628567
-0.165, -0.3, -0.208908, -0.642953
-0.195, -0.3, -0.168125, -0.654802
-0.225, -0.3, -0.126677, -0.664066
-0.255, -0.3, -0.0847304, -0.67071
-0.285, -0.3, -0.042449, -0.674707
-0.315, -0.3, -1.24183e-016, -0.676041
-0.345, -0.3, 0.042449, -0.674707
-0.375, -0.3, 0.0847304, -0.67071
-0.405, -0.3, 0.126677, -0.664066
-0.435, -0.3, 0.168125, -0.654802
-0.45, -0.285636, 0.208908, -0.642953
-0.45, -0.256909, 0.248867, -0.628567
-0.45, -0.228182, 0.287844, -0.6117
-0.45, -0.199454, 0.325685, -0.592419
-0.45, -0.170727, 0.362241, -0.5708
-0.45, -0.141999, 0.397367, -0.546929
-0.45, -0.113272, 0.430925, -0.520898
-0.45, -0.0845446, 0.462782, -0.492813
-0.45, -0.0558172, 0.492813, -0.462782
-0.45, -0.0270898, 0.520898, -0.430925
-0.45, 0.00163761, 0.546929, -0.397367
-0.45, 0.030365, 0.5708, -0.362241
-0.45, 0.0590924, 0.592419, -0.325685
-0.45, 0.0878198, 0.6117, -0.287844
-0.45, 0.116547, 0.628567, -0.248867
-0.45, 0.145275, 0.642953, -0.208908
-0.45, 0.174002, 0.654802, -0.168125
-0.45, 0.202729, 0.664066, -0.126677
-0.45, 0.231457, 0.67071, -0.0847304
-0.45, 0.260184, 0.674707, -0.042449
