-0.435, 0.281856, 0.676041, 0
-0.405, 0.280801, 0.674707, 0.042449
-0.375, 0.28126, 0.67071, 0.0847304
-0.345, 0.282619, 0.664066, 0.126677
-0.315, 0.284421, 0.654802, 0.168125
-0.285, 0.286358, 0.642953, 0.208908
-0.255, 0.288247, 0.628567, 0.248867
-0.225, 0.289997, 0.6117, 0.287844
-0.195, 0.291579, 0.592419, 0.325685
-0.165, 0.293005, 0.5708, 0.362241
-0.135, 0.29431, 0.546929, 0.397367
-0.105, 0.295536, 0.520898, 0.430925
-0.075, 0.296727, 0.492813, 0.462782
-0.045, 0.297921, 0.462782, 0.492813
-0.015, 0.299152, 0.430925, 0.520898
0.015, 0.300441, 0.397367, 0.546929
0.045, 0.301802, 0.362241, 0.5708
0.075, 0.303233, 0.325685, 0.592419
0.105, 0.304726, 0.287844, 0.6117
0.135, 0.306257, 0.248867, 0.628567
0.165, 0.307792, 0.208908, 0.642953
0.195, 0.309285, 0.168125, 0.654802
0.225, 0.310684, 0.126677, 0.664066
0.255, 0.311935, 0.0847304, 0.67071
0.285, 0.313001, 0.042449, 0.674707
0.315, 0.313885, 4.13942e-017, 0.676041
0.345, 0.314677, -0.042449, 0.674707
0.375, 0.315624, -0.0847304, 0.67071
0.405, 0.317212, -0.126677, 0.664066
0.435, 0.320343, -0.168125, 0.654802
0.45, 0.304835, -0.208908, 0.642953
0.45, 0.273818, -0.248867, 0.628567
0.45, 0.2428, -0.287844, 0.6117
0.45, 0.211783, -0.325685, 0.592419
0.45, 0.180766, -0.362241, 0.5708
0.45, 0.149749, -0.397367, 0.546929
0.45, 0.118732, -0.430925, 0.520898
0.45, 0.0877145, -0.462782, 0.492813
0.45, 0.0566974, -0.492813, 0.462782
0.45, 0.0256802, -0.520898, 0.430925
0.45, -0.00533696, -0.546929, 0.397367
0.45, -0.0363541, -0.5708, 0.362241
0.45, -0.0673713, -0.592419, 0.325685
0.45, -0.0983884, -0.6117, 0.287844
0.45, -0.129406, -0.628567, 0.248867
0.45, -0.160423, -0.642953, 0.208908
0.45, -0.19144, -0.654802, 0.168125
0.45, -0.222457, -0.664066, 0.126677
0.45, -0.253474, -0.67071, 0.0847304
0.45, -0.284491, -0.674707, 0.042449
0.435, -0.3, -0.676041, 8.27884e-017
0.405, -0.3, -0.674707, -0.042449
0.375, -0.3, -0.67071, -0.0847304
0.345, -0.3, -0.664066, -0.126677
0.315, -0.3, -0.654802, -0.168125
0.285, -0.3, -0.642953, -0.208908
0.255, -0.3, -0.628567, -0.248867
0.225, -0.3, -0.6117, -0.287844
0.195, -0.3, -0.592419, -0.325685
0.165, -0.3, -0.5708, -0.362241
0.135, -0.3, -0.546929, -0.397367
0.105, -0.3, -0.520898, -0.430925
0.075, -0.3, -0.492813, -0.462782
0.045, -0.3, -0.462782, -0.492813
0.015, -0.3, -0.430925, -0.520898
-0.015, -0.3, -0.397367, -0.546929
-0.045, -0.3, -0.362241, -0.5708
-0.075, -0.3, -0.325685, -0.592419
-0.105, -0.3, -0.287844, -0.6117
-0.135, -0.3, -0.248867, -0.628567
-0.165, -0.3, -0.208908, -0.642953
-0.195, -0.3, -0.168125, -0.654802
-0.225, -0.3, -0.126677, -0.664066
-0.255, -0.3, -0.0847304, -0.67071
-0.285, -0.3, -0.042449, -0.674707
-0.315, -0.3, -1.24183e-016, -0.676041
-0.345, -0.3, 0.042449, -0.674707
-0.375, -0.3, 0.0847304, -0.67071
-0.405, -0.3, 0.126677, -0.664066
-0.435, -0.3, 0.168125, -0.654802
-0.45, -0.285454, 0.208908, -0.642953
-0.45, -0.256361, 0.248867, -0.628567
-0.45, -0.227268, 0.287844, -0.6117
-0.45, -0.198175, 0.325685, -0.592419
-0.45, -0.169082, 0.362241, -0.5708
-0.45, -0.139989, 0.397367, -0.546929
-0.45, -0.110897, 0.430925, -0.520898
-0.45, -0.0818038, 0.462782, -0.492813
-0.45, -0.052711, 0.492813, -0.462782
-0.45, -0.0236182, 0.520898, -0.430925
-0.45, 0.00547464, 0.546929, -0.397367
-0.45, 0.0345675, 0.5708, -0.362241
-0.45, 0.0636603, 0.592419, -0.325685
-0.45, 0.0927531, 0.6117, -0.287844
-0.45, 0.121846, 0.628567, -0.248867
-0.45, 0.150939, 0.642953, -0.208908
-0.45, 0.180032, 0.654802, -0.168125
-0.45, 0.209124, 0.664066, -0.126677
-0.45, 0.238217, 0.67071, -0.0847304
-0.45, 0.26731, 0.674707, -0.042449
