-0.435, 0.288313, 0.676041, 0
-0.405, 0.286859, 0.674707, 0.042449
-0.375, 0.286954, 0.67071, 0.0847304
-0.345, 0.287916, 0.664066, 0.126677
-0.315, 0.289271, 0.654802, 0.168125
-0.285, 0.290716, 0.642953, 0.208908
-0.255, 0.29208, 0.628567, 0.248867
-0.225, 0.293292, 0.6117, 0.287844
-0.195, 0.294336, 0.592419, 0.325685
-0.165, 0.295237, 0.5708, 0.362241
-0.135, 0.296036, 0.546929, 0.397367
-0.105, 0.296778, 0.520898, 0.430925
-0.075, 0.297508, 0.492813, 0.462782
-0.045, 0.298264, 0.462782, 0.492813
-0.015, 0.299075, 0.430925, 0.520898
0.015, 0.29996, 0.397367, 0.546929
0.045, 0.300928, 0.362241, 0.5708
0.075, 0.301974, 0.325685, 0.592419
0.105, 0.303083, 0.287844, 0.6117
0.135, 0.304228, 0.248867, 0.628567
0.165, 0.305371, 0.208908, 0.642953
0.195, 0.306462, 0.168125, 0.654802
0.225, 0.307446, 0.126677, 0.664066
0.255, 0.308272, 0.0847304, 0.67071
0.285, 0.308905, 0.042449, 0.674707
0.315, 0.309359, 4.13942e-017, 0.676041
0.345, 0.309739, -0.042449, 0.674707
0.375, 0.310311, -0.0847304, 0.67071
0.405, 0.311568, -0.126677, 0.664066
0.435, 0.314368, -0.168125, 0.654802
0.45, 0.299009, -0.208908, 0.642953
0.45, 0.26829, -0.248867, 0.628567
0.45, 0.237572, -0.287844, 0.6117
0.45, 0.206853, -0.325685, 0.592419
0.45, 0.176135, -0.362241, 0.5708
0.45, 0.145417, -0.397367, 0.546929
0.45, 0.114698, -0.430925, 0.520898
0.45, 0.0839799, -0.462782, 0.492813
0.45, 0.0532615, -0.492813, 0.462782
0.45, 0.0225431, -0.520898, 0.430925
0.45, -0.00817531, -0.546929, 0.397367
0.45, -0.0388937, -0.5708, 0.362241
0.45, -0.0696121, -0.592419, 0.325685
0.45, -0.10033, -0.6117, 0.287844
0.45, -0.131049, -0.628567, 0.248867
0.45, -0.161767, -0.642953, 0.208908
0.45, -0.192486, -0.654802, 0.168125
0.45, -0.223204, -0.664066, 0.126677
0.45, -0.253922, -0.67071, 0.0847304
0.45, -0.284641, -0.674707, 0.042449
0.435, -0.3, -0.676041, 8.27884e-017
0.405, -0.3, -0.674707, -0.042449
0.375, -0.3, -0.67071, -0.0847304
0.345, -0.3, -0.664066, -0.126677
0.315, -0.3, -0.654802, -0.168125
0.285, -0.3, -0.642953, -0.208908
0.255, -0.3, -0.628567, -0.248867
0.225, -0.3, -0.6117, -0.287844
0.195, -0.3, -0.592419, -0.325685
0.165, -0.3, -0.5708, -0.362241
0.135, -0.3, -0.546929, -0.397367
0.105, -0.3, -0.520898, -0.430925
0.075, -0.3, -0.492813, -0.462782
0.045, -0.3, -0.462782, -0.492813
0.015, -0.3, -0.430925, -0.520898
-0.015, -0.3, -0.397367, -0.546929
-0.045, -0.3, -0.362241, -0.5708
-0.075, -0.3, -0.325685, -0.592419
-0.105, -0.3, -0.287844, -0.6117
-0.135, -0.3, -0.248867, -0.628567
-0.165, -0.3, -0.208908, -0.642953
-0.195, -0.3, -0.168125, -0.654802
-0.225, -0.3, -0.126677, -0.664066
-0.255, -0.3, -0.0847304, -0.67071
-0.285, -0.3, -0.042449, -0.674707
-0.315, -0.3, -1.24183e-016, -0.676041
-0.345, -0.3, 0.042449, -0.674707
-0.375, -0.3, 0.0847304, -0.67071
-0.405, -0.3, 0.126677, -0.664066
-0.435, -0.3, 0.168125, -0.654802
-0.45, -0.285292, 0.208908, -0.642953
-0.45, -0.255877, 0.248867, -0.628567
-0.45, -0.226461, 0.287844, -0.6117
-0.45, -0.197045, 0.325685, -0.592419
-0.45, -0.16763, 0.362241, -0.5708
-0.45, -0.138214, 0.397367, -0.546929
-0.45, -0.108798, 0.430925, -0.520898
-0.45, -0.0793827, 0.462782, -0.492813
-0.45, -0.0499671, 0.492813, -0.462782
-0.45, -0.0205514, 0.520898, -0.430925
-0.45, 0.0088642, 0.546929, -0.397367
-0.45, 0.0382798, 0.5708, -0.362241
-0.45, 0.0676955, 0.592419, -0.325685
-0.45, 0.0971111, 0.6117, -0.287844
-0.45, 0.126527, 0.628567, -0.248867
-0.45, 0.155942, 0.642953, -0.208908
-0.45, 0.185358, 0.654802, -0.168125
-0.45, 0.214774, 0.664066, -0.126677
-0.45, 0.244189, 0.67071, -0.0847304
-0.45, 0.273605, 0.674707, -0.042449
