-0.435, 0.328596, 0.676041, 0
-0.405, 0.324525, 0.674707, 0.042449
-0.375, 0.322394, 0.67071, 0.0847304
-0.345, 0.321012, 0.664066, 0.126677
-0.315, 0.319784, 0.654802, 0.168125
-0.285, 0.318411, 0.642953, 0.208908
-0.255, 0.316804, 0.628567, 0.248867
-0.225, 0.314973, 0.6117, 0.287844
-0.195, 0.312978, 0.592419, 0.325685
-0.165, 0.310889, 0.5708, 0.362241
-0.135, 0.308769, 0.546929, 0.397367
-0.105, 0.306672, 0.520898, 0.430925
-0.075, 0.304634, 0.492813, 0.462782
-0.045, 0.302677, 0.462782, 0.492813
-0.015, 0.300807, 0.430925, 0.520898
0.015, 0.299017, 0.397367, 0.546929
0.045, 0.297287, 0.362241, 0.5708
0.075, 0.295585, 0.325685, 0.592419
0.105, 0.293868, 0.287844, 0.6117
0.135, 0.292084, 0.248867, 0.628567
0.165, 0.290179, 0.208908, 0.642953
0.195, 0.288101, 0.168125, 0.654802
0.225, 0.285816, 0.126677, 0.664066
0.255, 0.283319, 0.0847304, 0.67071
0.285, 0.280663, 0.042449, 0.674707
0.315, 0.277981, 4.13942e-017, 0.676041
0.345, 0.275517, -0.042449, 0.674707
0.375, 0.273641, -0.0847304, 0.67071
0.405, 0.272859, -0.126677, 0.664066
0.435, 0.273787, -0.168125, 0.654802
0.45, 0.259443, -0.208908, 0.642953
0.45, 0.230753, -0.248867, 0.628567
0.45, 0.202064, -0.287844, 0.6117
0.45, 0.173375, -0.325685, 0.592419
0.45, 0.144685, -0.362241, 0.5708
0.45, 0.115996, -0.397367, 0.546929
0.45, 0.0873065, -0.430925, 0.520898
0.45, 0.0586171, -0.462782, 0.492813
0.45, 0.0299277, -0.492813, 0.462782
0.45, 0.00123837, -0.520898, 0.430925
0.45, -0.027451, -0.546929, 0.397367
0.45, -0.0561404, -0.5708, 0.362241
0.45, -0.0848297, -0.592419, 0.325685
0.45, -0.113519, -0.6117, 0.287844
0.45, -0.142208, -0.628567, 0.248867
0.45, -0.170898, -0.642953, 0.208908
0.45, -0.199587, -0.654802, 0.168125
0.45, -0.228277, -0.664066, 0.126677
0.45, -0.256966, -0.67071, 0.0847304
0.45, -0.285655, -0.674707, 0.042449
0.435, -0.3, -0.676041, 8.27884e-017
0.405, -0.3, -0.674707, -0.042449
0.375, -0.3, -0.67071, -0.0847304
0.345, -0.3, -0.664066, -0.126677
0.315, -0.3, -0.654802, -0.168125
0.285, -0.3, -0.642953, -0.208908
0.255, -0.3, -0.628567, -0.248867
0.225, -0.3, -0.6117, -0.287844
0.195, -0.3, -0.592419, -0.325685
0.165, -0.3, -0.5708, -0.362241
0.135, -0.3, -0.546929, -0.397367
0.105, -0.3, -0.520898, -0.430925
0.075, -0.3, -0.492813, -0.462782
0.045, -0.3, -0.462782, -0.492813
0.015, -0.3, -0.430925, -0.520898
-0.015, -0.3, -0.397367, -0.546929
-0.045, -0.3, -0.362241, -0.5708
-0.075, -0.3, -0.325685, -0.592419
-0.105, -0.3, -0.287844, -0.6117
-0.135, -0.3, -0.248867, -0.628567
-0.165, -0.3, -0.208908, -0.642953
-0.195, -0.3, -0.168125, -0.654802
-0.225, -0.3, -0.126677, -0.664066
-0.255, -0.3, -0.0847304, -0.67071
-0.285, -0.3, -0.042449, -0.674707
-0.315, -0.3, -1.24183e-016, -0.676041
-0.345, -0.3, 0.042449, -0.674707
-0.375, -0.3, 0.0847304, -0.67071
-0.405, -0.3, 0.126677, -0.664066
-0.435, -0.3, 0.168125, -0.654802
-0.45, -0.284285, 0.208908, -0.642953
-0.45, -0.252855, 0.248867, -0.628567
-0.45, -0.221425, 0.287844, -0.6117
-0.45, -0.189996, 0.325685, -0.592419
-0.45, -0.158566, 0.362241, -0.5708
-0.45, -0.127136, 0.397367, -0.546929
-0.45, -0.0957063, 0.430925, -0.520898
-0.45, -0.0642765, 0.462782, -0.492813
-0.45, -0.0328467, 0.492813, -0.462782
-0.45, -0.00141689, 0.520898, -0.430925
-0.45, 0.0300129, 0.546929, -0.397367
-0.45, 0.0614427, 0.5708, -0.362241
-0.45, 0.0928725, 0.592419, -0.325685
-0.45, 0.124302, 0.6117, -0.287844
-0.45, 0.155732, 0.628567, -0.248867
-0.45, 0.187162, 0.642953, -0.208908
-0.45, 0.218592, 0.654802, -0.168125
-0.45, 0.250022, 0.664066, -0.126677
-0.45, 0.281451, 0.67071, -0.0847304
-0.45, 0.312881, 0.674707, -0.042449
