-0.435, 0.291617, 0.676041, 0
-0.405, 0.28898, 0.674707, 0.042449
-0.375, 0.28855, 0.67071, 0.0847304
-0.345, 0.289369, 0.664066, 0.126677
-0.315, 0.290762, 0.654802, 0.168125
-0.285, 0.292278, 0.642953, 0.208908
-0.255, 0.293661, 0.628567, 0.248867
-0.225, 0.294802, 0.6117, 0.287844
-0.195, 0.295688, 0.592419, 0.325685
-0.165, 0.296363, 0.5708, 0.362241
-0.135, 0.296893, 0.546929, 0.397367
-0.105, 0.297348, 0.520898, 0.430925
-0.075, 0.297793, 0.492813, 0.462782
-0.045, 0.298282, 0.462782, 0.492813
-0.015, 0.298855, 0.430925, 0.520898
0.015, 0.299535, 0.397367, 0.546929
0.045, 0.300333, 0.362241, 0.5708
0.075, 0.301244, 0.325685, 0.592419
0.105, 0.302245, 0.287844, 0.6117
0.135, 0.303298, 0.248867, 0.628567
0.165, 0.304347, 0.208908, 0.642953
0.195, 0.305324, 0.168125, 0.654802
0.225, 0.306147, 0.126677, 0.664066
0.255, 0.306742, 0.0847304, 0.67071
0.285, 0.307065, 0.042449, 0.674707
0.315, 0.307152, 4.13942e-017, 0.676041
0.345, 0.30719, -0.042449, 0.674707
0.375, 0.307606, -0.0847304, 0.67071
0.405, 0.309116, -0.126677, 0.664066
0.435, 0.312879, -0.168125, 0.654802
0.45, 0.297558, -0.208908, 0.642953
0.45, 0.266914, -0.248867, 0.628567
0.45, 0.23627, -0.287844, 0.6117
0.45, 0.205626, -0.325685, 0.592419
0.45, 0.174982, -0.362241, 0.5708
0.45, 0.144338, -0.397367, 0.546929
0.45, 0.113694, -0.430925, 0.520898
0.45, 0.0830497, -0.462782, 0.492813
0.45, 0.0524057, -0.492813, 0.462782
0.45, 0.0217617, -0.520898, 0.430925
0.45, -0.00888224, -0.546929, 0.397367
0.45, -0.0395262, -0.5708, 0.362241
0.45, -0.0701702, -0.592419, 0.325685
0.45, -0.100814, -0.6117, 0.287844
0.45, -0.131458, -0.628567, 0.248867
0.45, -0.162102, -0.642953, 0.208908
0.45, -0.192746, -0.654802, 0.168125
0.45, -0.22339, -0.664066, 0.126677
0.45, -0.254034, -0.67071, 0.0847304
0.45, -0.284678, -0.674707, 0.042449
0.435, -0.3, -0.676041, 8.27884e-017
0.405, -0.3, -0.674707, -0.042449
0.375, -0.3, -0.67071, -0.0847304
0.345, -0.3, -0.664066, -0.126677
0.315, -0.3, -0.654802, -0.168125
0.285, -0.3, -0.642953, -0.208908
0.255, -0.3, -0.628567, -0.248867
0.225, -0.3, -0.6117, -0.287844
0.195, -0.3, -0.592419, -0.325685
0.165, -0.3, -0.5708, -0.362241
0.135, -0.3, -0.546929, -0.397367
0.105, -0.3, -0.520898, -0.430925
0.075, -0.3, -0.492813, -0.462782
0.045, -0.3, -0.462782, -0.492813
0.015, -0.3, -0.430925, -0.520898
-0.015, -0.3, -0.397367, -0.546929
-0.045, -0.3, -0.362241, -0.5708
-0.075, -0.3, -0.325685, -0.592419
-0.105, -0.3, -0.287844, -0.6117
-0.135, -0.3, -0.248867, -0.628567
-0.165, -0.3, -0.208908, -0.642953
-0.195, -0.3, -0.168125, -0.654802
-0.225, -0.3, -0.126677, -0.664066
-0.255, -0.3, -0.0847304, -0.67071
-0.285, -0.3, -0.042449, -0.674707
-0.315, -0.3, -1.24183e-016, -0.676041
-0.345, -0.3, 0.042449, -0.674707
-0.375, -0.3, 0.0847304, -0.67071
-0.405, -0.3, 0.126677, -0.664066
-0.435, -0.3, 0.168125, -0.654802
-0.45, -0.28521, 0.208908, -0.642953
-0.45, -0.255629, 0.248867, -0.628567
-0.45, -0.226048, 0.287844, -0.6117
-0.45, -0.196467, 0.325685, -0.592419
-0.45, -0.166886, 0.362241, -0.5708
-0.45, -0.137305, 0.397367, -0.546929
-0.45, -0.107725, 0.430925, -0.520898
-0.45, -0.0781437, 0.462782, -0.492813
-0.45, -0.0485628, 0.492813, -0.462782
-0.45, -0.018982, 0.520898, -0.430925
-0.45, 0.0105989, 0.546929, -0.397367
-0.45, 0.0401797, 0.5708, -0.362241
-0.45, 0.0697606, 0.592419, -0.325685
-0.45, 0.0993414, 0.6117, -0.287844
-0.45, 0.128922, 0.628567, -0.248867
-0.45, 0.158503, 0.642953, -0.208908
-0.45, 0.188084, 0.654802, -0.168125
-0.45, 0.217665, 0.664066, -0.126677
-0.45, 0.247246, 0.67071, -0.0847304
-0.45, 0.276826, 0.674707, -0.042449
