-0.435, 0.311476, 0.676041, 0
-0.405, 0.307436, 0.674707, 0.042449
-0.375, 0.305867, 0.67071, 0.0847304
-0.345, 0.305473, 0.664066, 0.126677
-0.315, 0.305496, 0.654802, 0.168125
-0.285, 0.305494, 0.642953, 0.208908
-0.255, 0.30527, 0.628567, 0.248867
-0.225, 0.304782, 0.6117, 0.287844
-0.195, 0.304069, 0.592419, 0.325685
-0.165, 0.303204, 0.5708, 0.362241
-0.135, 0.302266, 0.546929, 0.397367
-0.105, 0.301327, 0.520898, 0.430925
-0.075, 0.300445, 0.492813, 0.462782
-0.045, 0.299661, 0.462782, 0.492813
-0.015, 0.299, 0.430925, 0.520898
0.015, 0.298472, 0.397367, 0.546929
0.045, 0.29807, 0.362241, 0.5708
0.075, 0.297772, 0.325685, 0.592419
0.105, 0.297543, 0.287844, 0.6117
0.135, 0.297328, 0.248867, 0.628567
0.165, 0.297063, 0.208908, 0.642953
0.195, 0.296671, 0.168125, 0.654802
0.225, 0.296079, 0.126677, 0.664066
0.255, 0.29523, 0.0847304, 0.67071
0.285, 0.294121, 0.042449, 0.674707
0.315, 0.292845, 4.13942e-017, 0.676041
0.345, 0.291651, -0.042449, 0.674707
0.375, 0.290988, -0.0847304, 0.67071
0.405, 0.291523, -0.126677, 0.664066
0.435, 0.294158, -0.168125, 0.654802
0.45, 0.279304, -0.208908, 0.642953
0.45, 0.249596, -0.248867, 0.628567
0.45, 0.219888, -0.287844, 0.6117
0.45, 0.19018, -0.325685, 0.592419
0.45, 0.160472, -0.362241, 0.5708
0.45, 0.130764, -0.397367, 0.546929
0.45, 0.101057, -0.430925, 0.520898
0.45, 0.0713486, -0.462782, 0.492813
0.45, 0.0416407, -0.492813, 0.462782
0.45, 0.0119329, -0.520898, 0.430925
0.45, -0.017775, -0.546929, 0.397367
0.45, -0.0474829, -0.5708, 0.362241
0.45, -0.0771908, -0.592419, 0.325685
0.45, -0.106899, -0.6117, 0.287844
0.45, -0.136607, -0.628567, 0.248867
0.45, -0.166314, -0.642953, 0.208908
0.45, -0.196022, -0.654802, 0.168125
0.45, -0.22573, -0.664066, 0.126677
0.45, -0.255438, -0.67071, 0.0847304
0.45, -0.285146, -0.674707, 0.042449
0.435, -0.3, -0.676041, 8.27884e-017
0.405, -0.3, -0.674707, -0.042449
0.375, -0.3, -0.67071, -0.0847304
0.345, -0.3, -0.664066, -0.126677
0.315, -0.3, -0.654802, -0.168125
0.285, -0.3, -0.642953, -0.208908
0.255, -0.3, -0.628567, -0.248867
0.225, -0.3, -0.6117, -0.287844
0.195, -0.3, -0.592419, -0.325685
0.165, -0.3, -0.5708, -0.362241
0.135, -0.3, -0.546929, -0.397367
0.105, -0.3, -0.520898, -0.430925
0.075, -0.3, -0.492813, -0.462782
0.045, -0.3, -0.462782, -0.492813
0.015, -0.3, -0.430925, -0.520898
-0.015, -0.3, -0.397367, -0.546929
-0.045, -0.3, -0.362241, -0.5708
-0.075, -0.3, -0.325685, -0.592419
-0.105, -0.3, -0.287844, -0.6117
-0.135, -0.3, -0.248867, -0.628567
-0.165, -0.3, -0.208908, -0.642953
-0.195, -0.3, -0.168125, -0.654802
-0.225, -0.3, -0.126677, -0.664066
-0.255, -0.3, -0.0847304, -0.67071
-0.285, -0.3, -0.042449, -0.674707
-0.315, -0.3, -1.24183e-016, -0.676041
-0.345, -0.3, 0.042449, -0.674707
-0.375, -0.3, 0.0847304, -0.67071
-0.405, -0.3, 0.126677, -0.664066
-0.435, -0.3, 0.168125, -0.654802
-0.45, -0.284713, 0.208908, -0.642953
-0.45, -0.254139, 0.248867, -0.628567
-0.45, -0.223565, 0.287844, -0.6117
-0.45, -0.192992, 0.325685, -0.592419
-0.45, -0.162418, 0.362241, -0.5708
-0.45, -0.131844, 0.397367, -0.546929
-0.45, -0.10127, 0.430925, -0.520898
-0.45, -0.0706965, 0.462782, -0.492813
-0.45, -0.0401227, 0.492813, -0.462782
-0.45, -0.00954887, 0.520898, -0.430925
-0.45, 0.0210249, 0.546929, -0.397367
-0.45, 0.0515987, 0.5708, -0.362241
-0.45, 0.0821725, 0.592419, -0.325685
-0.45, 0.112746, 0.6117, -0.287844
-0.45, 0.14332, 0.628567, -0.248867
-0.45, 0.173894, 0.642953, -0.208908
-0.45, 0.204468, 0.654802, -0.168125
-0.45, 0.235042, 0.664066, -0.126677
-0.45, 0.265615, 0.67071, -0.0847304
-0.45, 0.296189, 0.674707, -0.042449
