-0.435, 0.320587, 0.676041, 0
-0.405, 0.315893, 0.674707, 0.042449
-0.375, 0.313812, 0.67071, 0.0847304
-0.345, 0.312877, 0.664066, 0.126677
-0.315, 0.312302, 0.654802, 0.168125
-0.285, 0.311645, 0.642953, 0.208908
-0.255, 0.310737, 0.628567, 0.248867
-0.225, 0.30956, 0.6117, 0.287844
-0.195, 0.308171, 0.592419, 0.325685
-0.165, 0.306651, 0.5708, 0.362241
-0.135, 0.305082, 0.546929, 0.397367
-0.105, 0.303533, 0.520898, 0.430925
-0.075, 0.302057, 0.492813, 0.462782
-0.045, 0.300689, 0.462782, 0.492813
-0.015, 0.299447, 0.430925, 0.520898
0.015, 0.298333, 0.397367, 0.546929
0.045, 0.297334, 0.362241, 0.5708
0.075, 0.296421, 0.325685, 0.592419
0.105, 0.295549, 0.287844, 0.6117
0.135, 0.294661, 0.248867, 0.628567
0.165, 0.293688, 0.208908, 0.642953
0.195, 0.292556, 0.168125, 0.654802
0.225, 0.291198, 0.126677, 0.664066
0.255, 0.289578, 0.0847304, 0.67071
0.285, 0.287719, 0.042449, 0.674707
0.315, 0.28575, 4.13942e-017, 0.676041
0.345, 0.28395, -0.042449, 0.674707
0.375, 0.282775, -0.0847304, 0.67071
0.405, 0.28286, -0.126677, 0.664066
0.435, 0.284998, -0.168125, 0.654802
0.45, 0.270373, -0.208908, 0.642953
0.45, 0.241123, -0.248867, 0.628567
0.45, 0.211873, -0.287844, 0.6117
0.45, 0.182623, -0.325685, 0.592419
0.45, 0.153373, -0.362241, 0.5708
0.45, 0.124123, -0.397367, 0.546929
0.45, 0.0948735, -0.430925, 0.520898
0.45, 0.0656236, -0.462782, 0.492813
0.45, 0.0363738, -0.492813, 0.462782
0.45, 0.00712387, -0.520898, 0.430925
0.45, -0.022126, -0.546929, 0.397367
0.45, -0.0513759, -0.5708, 0.362241
0.45, -0.0806258, -0.592419, 0.325685
0.45, -0.109876, -0.6117, 0.287844
0.45, -0.139126, -0.628567, 0.248867
0.45, -0.168375, -0.642953, 0.208908
0.45, -0.197625, -0.654802, 0.168125
0.45, -0.226875, -0.664066, 0.126677
0.45, -0.256125, -0.67071, 0.0847304
0.45, -0.285375, -0.674707, 0.042449
0.435, -0.3, -0.676041, 8.27884e-017
0.405, -0.3, -0.674707, -0.042449
0.375, -0.3, -0.67071, -0.0847304
0.345, -0.3, -0.664066, -0.126677
0.315, -0.3, -0.654802, -0.168125
0.285, -0.3, -0.642953, -0.208908
0.255, -0.3, -0.628567, -0.248867
0.225, -0.3, -0.6117, -0.287844
0.195, -0.3, -0.592419, -0.325685
0.165, -0.3, -0.5708, -0.362241
0.135, -0.3, -0.546929, -0.397367
0.105, -0.3, -0.520898, -0.430925
0.075, -0.3, -0.492813, -0.462782
0.045, -0.3, -0.462782, -0.492813
0.015, -0.3, -0.430925, -0.520898
-0.015, -0.3, -0.397367, -0.546929
-0.045, -0.3, -0.362241, -0.5708
-0.075, -0.3, -0.325685, -0.592419
-0.105, -0.3, -0.287844, -0.6117
-0.135, -0.3, -0.248867, -0.628567
-0.165, -0.3, -0.208908, -0.642953
-0.195, -0.3, -0.168125, -0.654802
-0.225, -0.3, -0.126677, -0.664066
-0.255, -0.3, -0.0847304, -0.67071
-0.285, -0.3, -0.042449, -0.674707
-0.315, -0.3, -1.24183e-016, -0.676041
-0.345, -0.3, 0.042449, -0.674707
-0.375, -0.3, 0.0847304, -0.67071
-0.405, -0.3, 0.126677, -0.664066
-0.435, -0.3, 0.168125, -0.654802
-0.45, -0.284485, 0.208908, -0.642953
-0.45, -0.253456, 0.248867, -0.628567
-0.45, -0.222427, 0.287844, -0.6117
-0.45, -0.191397, 0.325685, -0.592419
-0.45, -0.160368, 0.362241, -0.5708
-0.45, -0.129339, 0.397367, -0.546929
-0.45, -0.0983093, 0.430925, -0.520898
-0.45, -0.0672799, 0.462782, -0.492813
-0.45, -0.0362506, 0.492813, -0.462782
-0.45, -0.00522122, 0.520898, -0.430925
-0.45, 0.0258081, 0.546929, -0.397367
-0.45, 0.0568375, 0.5708, -0.362241
-0.45, 0.0878668, 0.592419, -0.325685
-0.45, 0.118896, 0.6117, -0.287844
-0.45, 0.149926, 0.628567, -0.248867
-0.45, 0.180955, 0.642953, -0.208908
-0.45, 0.211984, 0.654802, -0.168125
-0.45, 0.243014, 0.664066, -0.126677
-0.45, 0.274043, 0.67071, -0.0847304
-0.45, 0.305072, 0.674707, -0.042449
