-0.435, 0.337341, 0.676041, 0
-0.405, 0.331554, 0.674707, 0.042449
-0.375, 0.328643, 0.67071, 0.0847304
-0.345, 0.326826, 0.664066, 0.126677
-0.315, 0.325254, 0.654802, 0.168125
-0.285, 0.323485, 0.642953, 0.208908
-0.255, 0.321396, 0.628567, 0.248867
-0.225, 0.319014, 0.6117, 0.287844
-0.195, 0.316425, 0.592419, 0.325685
-0.165, 0.313726, 0.5708, 0.362241
-0.135, 0.311002, 0.546929, 0.397367
-0.105, 0.308317, 0.520898, 0.430925
-0.075, 0.305715, 0.492813, 0.462782
-0.045, 0.303219, 0.462782, 0.492813
-0.015, 0.300833, 0.430925, 0.520898
0.015, 0.298546, 0.397367, 0.546929
0.045, 0.296329, 0.362241, 0.5708
0.075, 0.29414, 0.325685, 0.592419
0.105, 0.291925, 0.287844, 0.6117
0.135, 0.289618, 0.248867, 0.628567
0.165, 0.287151, 0.208908, 0.642953
0.195, 0.284463, 0.168125, 0.654802
0.225, 0.281516, 0.126677, 0.664066
0.255, 0.278321, 0.0847304, 0.67071
0.285, 0.27497, 0.042449, 0.674707
0.315, 0.271664, 4.13942e-017, 0.676041
0.345, 0.268732, -0.042449, 0.674707
0.375, 0.266634, -0.0847304, 0.67071
0.405, 0.265938, -0.126677, 0.664066
0.435, 0.267259, -0.168125, 0.654802
0.45, 0.253077, -0.208908, 0.642953
0.45, 0.224714, -0.248867, 0.628567
0.45, 0.196351, -0.287844, 0.6117
0.45, 0.167988, -0.325685, 0.592419
0.45, 0.139625, -0.362241, 0.5708
0.45, 0.111262, -0.397367, 0.546929
0.45, 0.0828996, -0.430925, 0.520898
0.45, 0.0545366, -0.462782, 0.492813
0.45, 0.0261737, -0.492813, 0.462782
0.45, -0.00218923, -0.520898, 0.430925
0.45, -0.0305522, -0.546929, 0.397367
0.45, -0.0589151, -0.5708, 0.362241
0.45, -0.087278, -0.592419, 0.325685
0.45, -0.115641, -0.6117, 0.287844
0.45, -0.144004, -0.628567, 0.248867
0.45, -0.172367, -0.642953, 0.208908
0.45, -0.20073, -0.654802, 0.168125
0.45, -0.229093, -0.664066, 0.126677
0.45, -0.257456, -0.67071, 0.0847304
0.45, -0.285819, -0.674707, 0.042449
0.435, -0.3, -0.676041, 8.27884e-017
0.405, -0.3, -0.674707, -0.042449
0.375, -0.3, -0.67071, -0.0847304
0.345, -0.3, -0.664066, -0.126677
0.315, -0.3, -0.654802, -0.168125
0.285, -0.3, -0.642953, -0.208908
0.255, -0.3, -0.628567, -0.248867
0.225, -0.3, -0.6117, -0.287844
0.195, -0.3, -0.592419, -0.325685
0.165, -0.3, -0.5708, -0.362241
0.135, -0.3, -0.546929, -0.397367
0.105, -0.3, -0.520898, -0.430925
0.075, -0.3, -0.492813, -0.462782
0.045, -0.3, -0.462782, -0.492813
0.015, -0.3, -0.430925, -0.520898
-0.015, -0.3, -0.397367, -0.546929
-0.045, -0.3, -0.362241, -0.5708
-0.075, -0.3, -0.325685, -0.592419
-0.105, -0.3, -0.287844, -0.6117
-0.135, -0.3, -0.248867, -0.628567
-0.165, -0.3, -0.208908, -0.642953
-0.195, -0.3, -0.168125, -0.654802
-0.225, -0.3, -0.126677, -0.664066
-0.255, -0.3, -0.0847304, -0.67071
-0.285, -0.3, -0.042449, -0.674707
-0.315, -0.3, -1.24183e-016, -0.676041
-0.345, -0.3, 0.042449, -0.674707
-0.375, -0.3, 0.0847304, -0.67071
-0.405, -0.3, 0.126677, -0.664066
-0.435, -0.3, 0.168125, -0.654802
-0.45, -0.284066, 0.208908, -0.642953
-0.45, -0.252199, 0.248867, -0.628567
-0.45, -0.220332, 0.287844, -0.6117
-0.45, -0.188465, 0.325685, -0.592419
-0.45, -0.156598, 0.362241, -0.5708
-0.45, -0.124731, 0.397367, -0.546929
-0.45, -0.092864, 0.430925, -0.520898
-0.45, -0.060997, 0.462782, -0.492813
-0.45, -0.0291299, 0.492813, -0.462782
-0.45, 0.00273719, 0.520898, -0.430925
-0.45, 0.0346043, 0.546929, -0.397367
-0.45, 0.0664713, 0.5708, -0.362241
-0.45, 0.0983384, 0.592419, -0.325685
-0.45, 0.130205, 0.6117, -0.287844
-0.45, 0.162073, 0.628567, -0.248867
-0.45, 0.19394, 0.642953, -0.208908
-0.45, 0.225807, 0.654802, -0.168125
-0.45, 0.257674, 0.664066, -0.126677
-0.45, 0.289541, 0.67071, -0.0847304
-0.45, 0.321408, 0.674707, -0.042449
