-0.435, 0.315909, 0.676041, 0
-0.405, 0.311468, 0.674707, 0.042449
-0.375, 0.309637, 0.67071, 0.0847304
-0.345, 0.309086, 0.664066, 0.126677
-0.315, 0.308984, 0.654802, 0.168125
-0.285, 0.308823, 0.642953, 0.208908
-0.255, 0.308385, 0.628567, 0.248867
-0.225, 0.30763, 0.6117, 0.287844
-0.195, 0.306615, 0.592419, 0.325685
-0.165, 0.305429, 0.5708, 0.362241
-0.135, 0.304165, 0.546929, 0.397367
-0.105, 0.302899, 0.520898, 0.430925
-0.075, 0.301693, 0.492813, 0.462782
-0.045, 0.300587, 0.462782, 0.492813
-0.015, 0.299603, 0.430925, 0.520898
0.015, 0.298743, 0.397367, 0.546929
0.045, 0.297997, 0.362241, 0.5708
0.075, 0.297335, 0.325685, 0.592419
0.105, 0.296711, 0.287844, 0.6117
0.135, 0.296066, 0.248867, 0.628567
0.165, 0.295328, 0.208908, 0.642953
0.195, 0.294418, 0.168125, 0.654802
0.225, 0.293266, 0.126677, 0.664066
0.255, 0.29183, 0.0847304, 0.67071
0.285, 0.290137, 0.042449, 0.674707
0.315, 0.288331, 4.13942e-017, 0.676041
0.345, 0.286725, -0.042449, 0.674707
0.375, 0.285839, -0.0847304, 0.67071
0.405, 0.286417, -0.126677, 0.664066
0.435, 0.289462, -0.168125, 0.654802
0.45, 0.274726, -0.208908, 0.642953
0.45, 0.245253, -0.248867, 0.628567
0.45, 0.21578, -0.287844, 0.6117
0.45, 0.186307, -0.325685, 0.592419
0.45, 0.156833, -0.362241, 0.5708
0.45, 0.12736, -0.397367, 0.546929
0.45, 0.0978872, -0.430925, 0.520898
0.45, 0.068414, -0.462782, 0.492813
0.45, 0.0389409, -0.492813, 0.462782
0.45, 0.00946779, -0.520898, 0.430925
0.45, -0.0200053, -0.546929, 0.397367
0.45, -0.0494785, -0.5708, 0.362241
0.45, -0.0789516, -0.592419, 0.325685
0.45, -0.108425, -0.6117, 0.287844
0.45, -0.137898, -0.628567, 0.248867
0.45, -0.167371, -0.642953, 0.208908
0.45, -0.196844, -0.654802, 0.168125
0.45, -0.226317, -0.664066, 0.126677
0.45, -0.25579, -0.67071, 0.0847304
0.45, -0.285263, -0.674707, 0.042449
0.435, -0.3, -0.676041, 8.27884e-017
0.405, -0.3, -0.674707, -0.042449
0.375, -0.3, -0.67071, -0.0847304
0.345, -0.3, -0.664066, -0.126677
0.315, -0.3, -0.654802, -0.168125
0.285, -0.3, -0.642953, -0.208908
0.255, -0.3, -0.628567, -0.248867
0.225, -0.3, -0.6117, -0.287844
0.195, -0.3, -0.592419, -0.325685
0.165, -0.3, -0.5708, -0.362241
0.135, -0.3, -0.546929, -0.397367
0.105, -0.3, -0.520898, -0.430925
0.075, -0.3, -0.492813, -0.462782
0.045, -0.3, -0.462782, -0.492813
0.015, -0.3, -0.430925, -0.520898
-0.015, -0.3, -0.397367, -0.546929
-0.045, -0.3, -0.362241, -0.5708
-0.075, -0.3, -0.325685, -0.592419
-0.105, -0.3, -0.287844, -0.6117
-0.135, -0.3, -0.248867, -0.628567
-0.165, -0.3, -0.208908, -0.642953
-0.195, -0.3, -0.168125, -0.654802
-0.225, -0.3, -0.126677, -0.664066
-0.255, -0.3, -0.0847304, -0.67071
-0.285, -0.3, -0.042449, -0.674707
-0.315, -0.3, -1.24183e-016, -0.676041
-0.345, -0.3, 0.042449, -0.674707
-0.375, -0.3, 0.0847304, -0.67071
-0.405, -0.3, 0.126677, -0.664066
-0.435, -0.3, 0.168125, -0.654802
-0.45, -0.284602, 0.208908, -0.642953
-0.45, -0.253807, 0.248867, -0.628567
-0.45, -0.223011, 0.287844, -0.6117
-0.45, -0.192216, 0.325685, -0.592419
-0.45, -0.16142, 0.362241, -0.5708
-0.45, -0.130625, 0.397367, -0.546929
-0.45, -0.0998296, 0.430925, -0.520898
-0.45, -0.0690341, 0.462782, -0.492813
-0.45, -0.0382387, 0.492813, -0.462782
-0.45, -0.00744323, 0.520898, -0.430925
-0.45, 0.0233522, 0.546929, -0.397367
-0.45, 0.0541477, 0.5708, -0.362241
-0.45, 0.0849431, 0.592419, -0.325685
-0.45, 0.115739, 0.6117, -0.287844
-0.45, 0.146534, 0.628567, -0.248867
-0.45, 0.177329, 0.642953, -0.208908
-0.45, 0.208125, 0.654802, -0.168125
-0.45, 0.23892, 0.664066, -0.126677
-0.45, 0.269716, 0.67071, -0.0847304
-0.45, 0.300511, 0.674707, -0.042449
