-0.435, 0.285792, 0.676041, 0
-0.405, 0.283202, 0.674707, 0.042449
-0.375, 0.282887, 0.67071, 0.0847304
-0.345, 0.283995, 0.664066, 0.126677
-0.315, 0.285825, 0.654802, 0.168125
-0.285, 0.287855, 0.642953, 0.208908
-0.255, 0.289765, 0.628567, 0.248867
-0.225, 0.291405, 0.6117, 0.287844
-0.195, 0.292749, 0.592419, 0.325685
-0.165, 0.293844, 0.5708, 0.362241
-0.135, 0.294766, 0.546929, 0.397367
-0.105, 0.2956, 0.520898, 0.430925
-0.075, 0.29642, 0.492813, 0.462782
-0.045, 0.29729, 0.462782, 0.492813
-0.015, 0.298256, 0.430925, 0.520898
0.015, 0.299348, 0.397367, 0.546929
0.045, 0.300579, 0.362241, 0.5708
0.075, 0.301946, 0.325685, 0.592419
0.105, 0.303426, 0.287844, 0.6117
0.135, 0.304979, 0.248867, 0.628567
0.165, 0.306546, 0.208908, 0.642953
0.195, 0.308046, 0.168125, 0.654802
0.225, 0.309387, 0.126677, 0.664066
0.255, 0.310475, 0.0847304, 0.67071
0.285, 0.311247, 0.042449, 0.674707
0.315, 0.311733, 4.13942e-017, 0.676041
0.345, 0.312147, -0.042449, 0.674707
0.375, 0.31302, -0.0847304, 0.67071
0.405, 0.31526, -0.126677, 0.664066
0.435, 0.320485, -0.168125, 0.654802
0.45, 0.304973, -0.208908, 0.642953
0.45, 0.273949, -0.248867, 0.628567
0.45, 0.242925, -0.287844, 0.6117
0.45, 0.2119, -0.325685, 0.592419
0.45, 0.180876, -0.362241, 0.5708
0.45, 0.149852, -0.397367, 0.546929
0.45, 0.118828, -0.430925, 0.520898
0.45, 0.0878034, -0.462782, 0.492813
0.45, 0.0567791, -0.492813, 0.462782
0.45, 0.0257548, -0.520898, 0.430925
0.45, -0.00526943, -0.546929, 0.397367
0.45, -0.0362937, -0.5708, 0.362241
0.45, -0.067318, -0.592419, 0.325685
0.45, -0.0983422, -0.6117, 0.287844
0.45, -0.129367, -0.628567, 0.248867
0.45, -0.160391, -0.642953, 0.208908
0.45, -0.191415, -0.654802, 0.168125
0.45, -0.222439, -0.664066, 0.126677
0.45, -0.253464, -0.67071, 0.0847304
0.45, -0.284488, -0.674707, 0.042449
0.435, -0.3, -0.676041, 8.27884e-017
0.405, -0.3, -0.674707, -0.042449
0.375, -0.3, -0.67071, -0.0847304
0.345, -0.3, -0.664066, -0.126677
0.315, -0.3, -0.654802, -0.168125
0.285, -0.3, -0.642953, -0.208908
0.255, -0.3, -0.628567, -0.248867
0.225, -0.3, -0.6117, -0.287844
0.195, -0.3, -0.592419, -0.325685
0.165, -0.3, -0.5708, -0.362241
0.135, -0.3, -0.546929, -0.397367
0.105, -0.3, -0.520898, -0.430925
0.075, -0.3, -0.492813, -0.462782
0.045, -0.3, -0.462782, -0.492813
0.015, -0.3, -0.430925, -0.520898
-0.015, -0.3, -0.397367, -0.546929
-0.045, -0.3, -0.362241, -0.5708
-0.075, -0.3, -0.325685, -0.592419
-0.105, -0.3, -0.287844, -0.6117
-0.135, -0.3, -0.248867, -0.628567
-0.165, -0.3, -0.208908, -0.642953
-0.195, -0.3, -0.168125, -0.654802
-0.225, -0.3, -0.126677, -0.664066
-0.255, -0.3, -0.0847304, -0.67071
-0.285, -0.3, -0.042449, -0.674707
-0.315, -0.3, -1.24183e-016, -0.676041
-0.345, -0.3, 0.042449, -0.674707
-0.375, -0.3, 0.0847304, -0.67071
-0.405, -0.3, 0.126677, -0.664066
-0.435, -0.3, 0.168125, -0.654802
-0.45, -0.285355, 0.208908, -0.642953
-0.45, -0.256066, 0.248867, -0.628567
-0.45, -0.226776, 0.287844, -0.6117
-0.45, -0.197486, 0.325685, -0.592419
-0.45, -0.168197, 0.362241, -0.5708
-0.45, -0.138907, 0.397367, -0.546929
-0.45, -0.109618, 0.430925, -0.520898
-0.45, -0.080328, 0.462782, -0.492813
-0.45, -0.0510384, 0.492813, -0.462782
-0.45, -0.0217488, 0.520898, -0.430925
-0.45, 0.00754077, 0.546929, -0.397367
-0.45, 0.0368304, 0.5708, -0.362241
-0.45, 0.06612, 0.592419, -0.325685
-0.45, 0.0954096, 0.6117, -0.287844
-0.45, 0.124699, 0.628567, -0.248867
-0.45, 0.153989, 0.642953, -0.208908
-0.45, 0.183278, 0.654802, -0.168125
-0.45, 0.212568, 0.664066, -0.126677
-0.45, 0.241858, 0.67071, -0.0847304
-0.45, 0.271147, 0.674707, -0.042449
