-0.435, 0.265655, 0.676041, 0
-0.405, 0.263871, 0.674707, 0.042449
-0.375, 0.264337, 0.67071, 0.0847304
-0.345, 0.266407, 0.664066, 0.126677
-0.315, 0.26947, 0.654802, 0.168125
-0.285, 0.273008, 0.642953, 0.208908
-0.255, 0.276638, 0.628567, 0.248867
-0.225, 0.280117, 0.6117, 0.287844
-0.195, 0.28333, 0.592419, 0.325685
-0.165, 0.286256, 0.5708, 0.362241
-0.135, 0.288933, 0.546929, 0.397367
-0.105, 0.291431, 0.520898, 0.430925
-0.075, 0.293823, 0.492813, 0.462782
-0.045, 0.296182, 0.462782, 0.492813
-0.015, 0.298567, 0.430925, 0.520898
0.015, 0.301027, 0.397367, 0.546929
0.045, 0.303591, 0.362241, 0.5708
0.075, 0.306273, 0.325685, 0.592419
0.105, 0.309068, 0.287844, 0.6117
0.135, 0.31195, 0.248867, 0.628567
0.165, 0.314868, 0.208908, 0.642953
0.195, 0.317747, 0.168125, 0.654802
0.225, 0.320482, 0.126677, 0.664066
0.255, 0.322952, 0.0847304, 0.67071
0.285, 0.325044, 0.042449, 0.674707
0.315, 0.326719, 4.13942e-017, 0.676041
0.345, 0.328128, -0.042449, 0.674707
0.375, 0.329823, -0.0847304, 0.67071
0.405, 0.332819, -0.126677, 0.664066
0.435, 0.339084, -0.168125, 0.654802
0.45, 0.323107, -0.208908, 0.642953
0.45, 0.291153, -0.248867, 0.628567
0.45, 0.259199, -0.287844, 0.6117
0.45, 0.227244, -0.325685, 0.592419
0.45, 0.19529, -0.362241, 0.5708
0.45, 0.163336, -0.397367, 0.546929
0.45, 0.131382, -0.430925, 0.520898
0.45, 0.0994276, -0.462782, 0.492813
0.45, 0.0674734, -0.492813, 0.462782
0.45, 0.0355192, -0.520898, 0.430925
0.45, 0.00356498, -0.546929, 0.397367
0.45, -0.0283892, -0.5708, 0.362241
0.45, -0.0603434, -0.592419, 0.325685
0.45, -0.0922976, -0.6117, 0.287844
0.45, -0.124252, -0.628567, 0.248867
0.45, -0.156206, -0.642953, 0.208908
0.45, -0.18816, -0.654802, 0.168125
0.45, -0.220114, -0.664066, 0.126677
0.45, -0.252069, -0.67071, 0.0847304
0.45, -0.284023, -0.674707, 0.042449
0.435, -0.3, -0.676041, 8.27884e-017
0.405, -0.3, -0.674707, -0.042449
0.375, -0.3, -0.67071, -0.0847304
0.345, -0.3, -0.664066, -0.126677
0.315, -0.3, -0.654802, -0.168125
0.285, -0.3, -0.642953, -0.208908
0.255, -0.3, -0.628567, -0.248867
0.225, -0.3, -0.6117, -0.287844
0.195, -0.3, -0.592419, -0.325685
0.165, -0.3, -0.5708, -0.362241
0.135, -0.3, -0.546929, -0.397367
0.105, -0.3, -0.520898, -0.430925
0.075, -0.3, -0.492813, -0.462782
0.045, -0.3, -0.462782, -0.492813
0.015, -0.3, -0.430925, -0.520898
-0.015, -0.3, -0.397367, -0.546929
-0.045, -0.3, -0.362241, -0.5708
-0.075, -0.3, -0.325685, -0.592419
-0.105, -0.3, -0.287844, -0.6117
-0.135, -0.3, -0.248867, -0.628567
-0.165, -0.3, -0.208908, -0.642953
-0.195, -0.3, -0.168125, -0.654802
-0.225, -0.3, -0.126677, -0.664066
-0.255, -0.3, -0.0847304, -0.67071
-0.285, -0.3, -0.042449, -0.674707
-0.315, -0.3, -1.24183e-016, -0.676041
-0.345, -0.3, 0.042449, -0.674707
-0.375, -0.3, 0.0847304, -0.67071
-0.405, -0.3, 0.126677, -0.664066
-0.435, -0.3, 0.168125, -0.654802
-0.45, -0.285859, 0.208908, -0.642953
-0.45, -0.257576, 0.248867, -0.628567
-0.45, -0.229293, 0.287844, -0.6117
-0.45, -0.20101, 0.325685, -0.592419
-0.45, -0.172728, 0.362241, -0.5708
-0.45, -0.144445, 0.397367, -0.546929
-0.45, -0.116162, 0.430925, -0.520898
-0.45, -0.0878793, 0.462782, -0.492813
-0.45, -0.0595965, 0.492813, -0.462782
-0.45, -0.0313137, 0.520898, -0.430925
-0.45, -0.00303098, 0.546929, -0.397367
-0.45, 0.0252518, 0.5708, -0.362241
-0.45, 0.0535346, 0.592419, -0.325685
-0.45, 0.0818173, 0.6117, -0.287844
-0.45, 0.1101, 0.628567, -0.248867
-0.45, 0.138383, 0.642953, -0.208908
-0.45, 0.166666, 0.654802, -0.168125
-0.45, 0.194948, 0.664066, -0.126677
-0.45, 0.223231, 0.67071, -0.0847304
-0.45, 0.251514, 0.674707, -0.042449
