-0.435, 0.336645, 0.676041, 0
-0.405, 0.329899, 0.674707, 0.042449
-0.375, 0.326783, 0.67071, 0.0847304
-0.345, 0.325173, 0.664066, 0.126677
-0.315, 0.323956, 0.654802, 0.168125
-0.285, 0.322504, 0.642953, 0.208908
-0.255, 0.320632, 0.628567, 0.248867
-0.225, 0.318364, 0.6117, 0.287844
-0.195, 0.315816, 0.592419, 0.325685
-0.165, 0.313117, 0.5708, 0.362241
-0.135, 0.310378, 0.546929, 0.397367
-0.105, 0.307683, 0.520898, 0.430925
-0.075, 0.305088, 0.492813, 0.462782
-0.045, 0.302626, 0.462782, 0.492813
-0.015, 0.300307, 0.430925, 0.520898
0.015, 0.29812, 0.397367, 0.546929
0.045, 0.296039, 0.362241, 0.5708
0.075, 0.294017, 0.325685, 0.592419
0.105, 0.291994, 0.287844, 0.6117
0.135, 0.289892, 0.248867, 0.628567
0.165, 0.287624, 0.208908, 0.642953
0.195, 0.285106, 0.168125, 0.654802
0.225, 0.282274, 0.126677, 0.664066
0.255, 0.279125, 0.0847304, 0.67071
0.285, 0.275758, 0.042449, 0.674707
0.315, 0.272416, 4.13942e-017, 0.676041
0.345, 0.269511, -0.042449, 0.674707
0.375, 0.267601, -0.0847304, 0.67071
0.405, 0.267333, -0.126677, 0.664066
0.435, 0.26936, -0.168125, 0.654802
0.45, 0.255126, -0.208908, 0.642953
0.45, 0.226658, -0.248867, 0.628567
0.45, 0.19819, -0.287844, 0.6117
0.45, 0.169722, -0.325685, 0.592419
0.45, 0.141254, -0.362241, 0.5708
0.45, 0.112786, -0.397367, 0.546929
0.45, 0.084318, -0.430925, 0.520898
0.45, 0.05585, -0.462782, 0.492813
0.45, 0.027382, -0.492813, 0.462782
0.45, -0.00108602, -0.520898, 0.430925
0.45, -0.029554, -0.546929, 0.397367
0.45, -0.058022, -0.5708, 0.362241
0.45, -0.08649, -0.592419, 0.325685
0.45, -0.114958, -0.6117, 0.287844
0.45, -0.143426, -0.628567, 0.248867
0.45, -0.171894, -0.642953, 0.208908
0.45, -0.200362, -0.654802, 0.168125
0.45, -0.22883, -0.664066, 0.126677
0.45, -0.257298, -0.67071, 0.0847304
0.45, -0.285766, -0.674707, 0.042449
0.435, -0.3, -0.676041, 8.27884e-017
0.405, -0.3, -0.674707, -0.042449
0.375, -0.3, -0.67071, -0.0847304
0.345, -0.3, -0.664066, -0.126677
0.315, -0.3, -0.654802, -0.168125
0.285, -0.3, -0.642953, -0.208908
0.255, -0.3, -0.628567, -0.248867
0.225, -0.3, -0.6117, -0.287844
0.195, -0.3, -0.592419, -0.325685
0.165, -0.3, -0.5708, -0.362241
0.135, -0.3, -0.546929, -0.397367
0.105, -0.3, -0.520898, -0.430925
0.075, -0.3, -0.492813, -0.462782
0.045, -0.3, -0.462782, -0.492813
0.015, -0.3, -0.430925, -0.520898
-0.015, -0.3, -0.397367, -0.546929
-0.045, -0.3, -0.362241, -0.5708
-0.075, -0.3, -0.325685, -0.592419
-0.105, -0.3, -0.287844, -0.6117
-0.135, -0.3, -0.248867, -0.628567
-0.165, -0.3, -0.208908, -0.642953
-0.195, -0.3, -0.168125, -0.654802
-0.225, -0.3, -0.126677, -0.664066
-0.255, -0.3, -0.0847304, -0.67071
-0.285, -0.3, -0.042449, -0.674707
-0.315, -0.3, -1.24183e-016, -0.676041
-0.345, -0.3, 0.042449, -0.674707
-0.375, -0.3, 0.0847304, -0.67071
-0.405, -0.3, 0.126677, -0.664066
-0.435, -0.3, 0.168125, -0.654802
-0.45, -0.284084, 0.208908, -0.642953
-0.45, -0.252252, 0.248867, -0.628567
-0.45, -0.220419, 0.287844, -0.6117
-0.45, -0.188587, 0.325685, -0.592419
-0.45, -0.156755, 0.362241, -0.5708
-0.45, -0.124923, 0.397367, -0.546929
-0.45, -0.0930904, 0.430925, -0.520898
-0.45, -0.0612581, 0.462782, -0.492813
-0.45, -0.0294258, 0.492813, -0.462782
-0.45, 0.00240641, 0.520898, -0.430925
-0.45, 0.0342387, 0.546929, -0.397367
-0.45, 0.0660709, 0.5708, -0.362241
-0.45, 0.0979032, 0.592419, -0.325685
-0.45, 0.129735, 0.6117, -0.287844
-0.45, 0.161568, 0.628567, -0.248867
-0.45, 0.1934, 0.642953, -0.208908
-0.45, 0.225232, 0.654802, -0.168125
-0.45, 0.257064, 0.664066, -0.126677
-0.45, 0.288897, 0.67071, -0.0847304
-0.45, 0.320729, 0.674707, -0.042449
