-0.435, 0.321588, 0.676041, 0
-0.405, 0.316213, 0.674707, 0.042449
-0.375, 0.314019, 0.67071, 0.0847304
-0.345, 0.313415, 0.664066, 0.126677
-0.315, 0.313327, 0.654802, 0.168125
-0.285, 0.313068, 0.642953, 0.208908
-0.255, 0.312365, 0.628567, 0.248867
-0.225, 0.3112, 0.6117, 0.287844
-0.195, 0.309681, 0.592419, 0.325685
-0.165, 0.307947, 0.5708, 0.362241
-0.135, 0.306125, 0.546929, 0.397367
-0.105, 0.304318, 0.520898, 0.430925
-0.075, 0.302597, 0.492813, 0.462782
-0.045, 0.301008, 0.462782, 0.492813
-0.015, 0.299571, 0.430925, 0.520898
0.015, 0.298288, 0.397367, 0.546929
0.045, 0.29714, 0.362241, 0.5708
0.075, 0.29609, 0.325685, 0.592419
0.105, 0.295083, 0.287844, 0.6117
0.135, 0.294045, 0.248867, 0.628567
0.165, 0.292888, 0.208908, 0.642953
0.195, 0.291514, 0.168125, 0.654802
0.225, 0.289838, 0.126677, 0.664066
0.255, 0.287817, 0.0847304, 0.67071
0.285, 0.285503, 0.042449, 0.674707
0.315, 0.283108, 4.13942e-017, 0.676041
0.345, 0.281053, -0.042449, 0.674707
0.375, 0.279983, -0.0847304, 0.67071
0.405, 0.280725, -0.126677, 0.664066
0.435, 0.284281, -0.168125, 0.654802
0.45, 0.269674, -0.208908, 0.642953
0.45, 0.24046, -0.248867, 0.628567
0.45, 0.211246, -0.287844, 0.6117
0.45, 0.182032, -0.325685, 0.592419
0.45, 0.152818, -0.362241, 0.5708
0.45, 0.123604, -0.397367, 0.546929
0.45, 0.0943895, -0.430925, 0.520898
0.45, 0.0651754, -0.462782, 0.492813
0.45, 0.0359614, -0.492813, 0.462782
0.45, 0.00674737, -0.520898, 0.430925
0.45, -0.0224667, -0.546929, 0.397367
0.45, -0.0516807, -0.5708, 0.362241
0.45, -0.0808947, -0.592419, 0.325685
0.45, -0.110109, -0.6117, 0.287844
0.45, -0.139323, -0.628567, 0.248867
0.45, -0.168537, -0.642953, 0.208908
0.45, -0.197751, -0.654802, 0.168125
0.45, -0.226965, -0.664066, 0.126677
0.45, -0.256179, -0.67071, 0.0847304
0.45, -0.285393, -0.674707, 0.042449
0.435, -0.3, -0.676041, 8.27884e-017
0.405, -0.3, -0.674707, -0.042449
0.375, -0.3, -0.67071, -0.0847304
0.345, -0.3, -0.664066, -0.126677
0.315, -0.3, -0.654802, -0.168125
0.285, -0.3, -0.642953, -0.208908
0.255, -0.3, -0.628567, -0.248867
0.225, -0.3, -0.6117, -0.287844
0.195, -0.3, -0.592419, -0.325685
0.165, -0.3, -0.5708, -0.362241
0.135, -0.3, -0.546929, -0.397367
0.105, -0.3, -0.520898, -0.430925
0.075, -0.3, -0.492813, -0.462782
0.045, -0.3, -0.462782, -0.492813
0.015, -0.3, -0.430925, -0.520898
-0.015, -0.3, -0.397367, -0.546929
-0.045, -0.3, -0.362241, -0.5708
-0.075, -0.3, -0.325685, -0.592419
-0.105, -0.3, -0.287844, -0.6117
-0.135, -0.3, -0.248867, -0.628567
-0.165, -0.3, -0.208908, -0.642953
-0.195, -0.3, -0.168125, -0.654802
-0.225, -0.3, -0.126677, -0.664066
-0.255, -0.3, -0.0847304, -0.67071
-0.285, -0.3, -0.042449, -0.674707
-0.315, -0.3, -1.24183e-016, -0.676041
-0.345, -0.3, 0.042449, -0.674707
-0.375, -0.3, 0.0847304, -0.67071
-0.405, -0.3, 0.126677, -0.664066
-0.435, -0.3, 0.168125, -0.654802
-0.45, -0.28446, 0.208908, -0.642953
-0.45, -0.253381, 0.248867, -0.628567
-0.45, -0.222301, 0.287844, -0.6117
-0.45, -0.191222, 0.325685, -0.592419
-0.45, -0.160143, 0.362241, -0.5708
-0.45, -0.129063, 0.397367, -0.546929
-0.45, -0.0979838, 0.430925, -0.520898
-0.45, -0.0669044, 0.462782, -0.492813
-0.45, -0.035825, 0.492813, -0.462782
-0.45, -0.00474559, 0.520898, -0.430925
-0.45, 0.0263338, 0.546929, -0.397367
-0.45, 0.0574132, 0.5708, -0.362241
-0.45, 0.0884926, 0.592419, -0.325685
-0.45, 0.119572, 0.6117, -0.287844
-0.45, 0.150651, 0.628567, -0.248867
-0.45, 0.181731, 0.642953, -0.208908
-0.45, 0.21281, 0.654802, -0.168125
-0.45, 0.24389, 0.664066, -0.126677
-0.45, 0.274969, 0.67071, -0.0847304
-0.45, 0.306049, 0.674707, -0.042449
