-0.435, 0.299449, 0.676041, 0
-0.405, 0.295526, 0.674707, 0.042449
-0.375, 0.294375, 0.67071, 0.0847304
-0.345, 0.294879, 0.664066, 0.126677
-0.315, 0.296123, 0.654802, 0.168125
-0.285, 0.297427, 0.642953, 0.208908
-0.255, 0.29842, 0.628567, 0.248867
-0.225, 0.298982, 0.6117, 0.287844
-0.195, 0.299154, 0.592419, 0.325685
-0.165, 0.299046, 0.5708, 0.362241
-0.135, 0.298785, 0.546929, 0.397367
-0.105, 0.298481, 0.520898, 0.430925
-0.075, 0.298225, 0.492813, 0.462782
-0.045, 0.29808, 0.462782, 0.492813
-0.015, 0.29809, 0.430925, 0.520898
0.015, 0.298275, 0.397367, 0.546929
0.045, 0.298637, 0.362241, 0.5708
0.075, 0.299159, 0.325685, 0.592419
0.105, 0.299805, 0.287844, 0.6117
0.135, 0.300516, 0.248867, 0.628567
0.165, 0.301211, 0.208908, 0.642953
0.195, 0.301787, 0.168125, 0.654802
0.225, 0.30213, 0.126677, 0.664066
0.255, 0.302133, 0.0847304, 0.67071
0.285, 0.30175, 0.042449, 0.674707
0.315, 0.30108, 4.13942e-017, 0.676041
0.345, 0.300467, -0.042449, 0.674707
0.375, 0.300607, -0.0847304, 0.67071
0.405, 0.302534, -0.126677, 0.664066
0.435, 0.307781, -0.168125, 0.654802
0.45, 0.292587, -0.208908, 0.642953
0.45, 0.262198, -0.248867, 0.628567
0.45, 0.231809, -0.287844, 0.6117
0.45, 0.20142, -0.325685, 0.592419
0.45, 0.171031, -0.362241, 0.5708
0.45, 0.140642, -0.397367, 0.546929
0.45, 0.110253, -0.430925, 0.520898
0.45, 0.0798634, -0.462782, 0.492813
0.45, 0.0494744, -0.492813, 0.462782
0.45, 0.0190853, -0.520898, 0.430925
0.45, -0.0113038, -0.546929, 0.397367
0.45, -0.0416929, -0.5708, 0.362241
0.45, -0.0720819, -0.592419, 0.325685
0.45, -0.102471, -0.6117, 0.287844
0.45, -0.13286, -0.628567, 0.248867
0.45, -0.163249, -0.642953, 0.208908
0.45, -0.193638, -0.654802, 0.168125
0.45, -0.224027, -0.664066, 0.126677
0.45, -0.254416, -0.67071, 0.0847304
0.45, -0.284805, -0.674707, 0.042449
0.435, -0.3, -0.676041, 8.27884e-017
0.405, -0.3, -0.674707, -0.042449
0.375, -0.3, -0.67071, -0.0847304
0.345, -0.3, -0.664066, -0.126677
0.315, -0.3, -0.654802, -0.168125
0.285, -0.3, -0.642953, -0.208908
0.255, -0.3, -0.628567, -0.248867
0.225, -0.3, -0.6117, -0.287844
0.195, -0.3, -0.592419, -0.325685
0.165, -0.3, -0.5708, -0.362241
0.135, -0.3, -0.546929, -0.397367
0.105, -0.3, -0.520898, -0.430925
0.075, -0.3, -0.492813, -0.462782
0.045, -0.3, -0.462782, -0.492813
0.015, -0.3, -0.430925, -0.520898
-0.015, -0.3, -0.397367, -0.546929
-0.045, -0.3, -0.362241, -0.5708
-0.075, -0.3, -0.325685, -0.592419
-0.105, -0.3, -0.287844, -0.6117
-0.135, -0.3, -0.248867, -0.628567
-0.165, -0.3, -0.208908, -0.642953
-0.195, -0.3, -0.168125, -0.654802
-0.225, -0.3, -0.126677, -0.664066
-0.255, -0.3, -0.0847304, -0.67071
-0.285, -0.3, -0.042449, -0.674707
-0.315, -0.3, -1.24183e-016, -0.676041
-0.345, -0.3, 0.042449, -0.674707
-0.375, -0.3, 0.0847304, -0.67071
-0.405, -0.3, 0.126677, -0.664066
-0.435, -0.3, 0.168125, -0.654802
-0.45, -0.285014, 0.208908, -0.642953
-0.45, -0.255041, 0.248867, -0.628567
-0.45, -0.225069, 0.287844, -0.6117
-0.45, -0.195096, 0.325685, -0.592419
-0.45, -0.165124, 0.362241, -0.5708
-0.45, -0.135152, 0.397367, -0.546929
-0.45, -0.105179, 0.430925, -0.520898
-0.45, -0.0752067, 0.462782, -0.492813
-0.45, -0.0452342, 0.492813, -0.462782
-0.45, -0.0152618, 0.520898, -0.430925
-0.45, 0.0147106, 0.546929, -0.397367
-0.45, 0.0446831, 0.5708, -0.362241
-0.45, 0.0746555, 0.592419, -0.325685
-0.45, 0.104628, 0.6117, -0.287844
-0.45, 0.1346, 0.628567, -0.248867
-0.45, 0.164573, 0.642953, -0.208908
-0.45, 0.194545, 0.654802, -0.168125
-0.45, 0.224518, 0.664066, -0.126677
-0.45, 0.25449, 0.67071, -0.0847304
-0.45, 0.284463, 0.674707, -0.042449
