-0.435, 0.260077, 0.676041, 0
-0.405, 0.258222, 0.674707, 0.042449
-0.375, 0.258713, 0.67071, 0.0847304
-0.345, 0.261, 0.664066, 0.126677
-0.315, 0.264478, 0.654802, 0.168125
-0.285, 0.268566, 0.642953, 0.208908
-0.255, 0.272792, 0.628567, 0.248867
-0.225, 0.27684, 0.6117, 0.287844
-0.195, 0.280558, 0.592419, 0.325685
-0.165, 0.283919, 0.5708, 0.362241
-0.135, 0.286976, 0.546929, 0.397367
-0.105, 0.289817, 0.520898, 0.430925
-0.075, 0.292538, 0.492813, 0.462782
-0.045, 0.295228, 0.462782, 0.492813
-0.015, 0.29796, 0.430925, 0.520898
0.015, 0.30079, 0.397367, 0.546929
0.045, 0.303757, 0.362241, 0.5708
0.075, 0.306878, 0.325685, 0.592419
0.105, 0.310152, 0.287844, 0.6117
0.135, 0.313551, 0.248867, 0.628567
0.165, 0.31702, 0.208908, 0.642953
0.195, 0.320468, 0.168125, 0.654802
0.225, 0.323763, 0.126677, 0.664066
0.255, 0.326737, 0.0847304, 0.67071
0.285, 0.329215, 0.042449, 0.674707
0.315, 0.33111, 4.13942e-017, 0.676041
0.345, 0.33258, -0.042449, 0.674707
0.375, 0.334352, -0.0847304, 0.67071
0.405, 0.337745, -0.126677, 0.664066
0.435, 0.345169, -0.168125, 0.654802
0.45, 0.32904, -0.208908, 0.642953
0.45, 0.296781, -0.248867, 0.628567
0.45, 0.264523, -0.287844, 0.6117
0.45, 0.232265, -0.325685, 0.592419
0.45, 0.200006, -0.362241, 0.5708
0.45, 0.167748, -0.397367, 0.546929
0.45, 0.135489, -0.430925, 0.520898
0.45, 0.103231, -0.462782, 0.492813
0.45, 0.0709722, -0.492813, 0.462782
0.45, 0.0387138, -0.520898, 0.430925
0.45, 0.00645533, -0.546929, 0.397367
0.45, -0.0258031, -0.5708, 0.362241
0.45, -0.0580616, -0.592419, 0.325685
0.45, -0.09032, -0.6117, 0.287844
0.45, -0.122578, -0.628567, 0.248867
0.45, -0.154837, -0.642953, 0.208908
0.45, -0.187095, -0.654802, 0.168125
0.45, -0.219354, -0.664066, 0.126677
0.45, -0.251612, -0.67071, 0.0847304
0.45, -0.283871, -0.674707, 0.042449
0.435, -0.3, -0.676041, 8.27884e-017
0.405, -0.3, -0.674707, -0.042449
0.375, -0.3, -0.67071, -0.0847304
0.345, -0.3, -0.664066, -0.126677
0.315, -0.3, -0.654802, -0.168125
0.285, -0.3, -0.642953, -0.208908
0.255, -0.3, -0.628567, -0.248867
0.225, -0.3, -0.6117, -0.287844
0.195, -0.3, -0.592419, -0.325685
0.165, -0.3, -0.5708, -0.362241
0.135, -0.3, -0.546929, -0.397367
0.105, -0.3, -0.520898, -0.430925
0.075, -0.3, -0.492813, -0.462782
0.045, -0.3, -0.462782, -0.492813
0.015, -0.3, -0.430925, -0.520898
-0.015, -0.3, -0.397367, -0.546929
-0.045, -0.3, -0.362241, -0.5708
-0.075, -0.3, -0.325685, -0.592419
-0.105, -0.3, -0.287844, -0.6117
-0.135, -0.3, -0.248867, -0.628567
-0.165, -0.3, -0.208908, -0.642953
-0.195, -0.3, -0.168125, -0.654802
-0.225, -0.3, -0.126677, -0.664066
-0.255, -0.3, -0.0847304, -0.67071
-0.285, -0.3, -0.042449, -0.674707
-0.315, -0.3, -1.24183e-016, -0.676041
-0.345, -0.3, 0.042449, -0.674707
-0.375, -0.3, 0.0847304, -0.67071
-0.405, -0.3, 0.126677, -0.664066
-0.435, -0.3, 0.168125, -0.654802
-0.45, -0.285998, 0.208908, -0.642953
-0.45, -0.257994, 0.248867, -0.628567
-0.45, -0.22999, 0.287844, -0.6117
-0.45, -0.201987, 0.325685, -0.592419
-0.45, -0.173983, 0.362241, -0.5708
-0.45, -0.145979, 0.397367, -0.546929
-0.45, -0.117975, 0.430925, -0.520898
-0.45, -0.0899712, 0.462782, -0.492813
-0.45, -0.0619674, 0.492813, -0.462782
-0.45, -0.0339635, 0.520898, -0.430925
-0.45, -0.00595969, 0.546929, -0.397367
-0.45, 0.0220441, 0.5708, -0.362241
-0.45, 0.050048, 0.592419, -0.325685
-0.45, 0.0780518, 0.6117, -0.287844
-0.45, 0.106056, 0.628567, -0.248867
-0.45, 0.134059, 0.642953, -0.208908
-0.45, 0.162063, 0.654802, -0.168125
-0.45, 0.190067, 0.664066, -0.126677
-0.45, 0.218071, 0.67071, -0.0847304
-0.45, 0.246075, 0.674707, -0.042449
