-0.435, 0.281466, 0.676041, 0
-0.405, 0.2778, 0.674707, 0.042449
-0.375, 0.277043, 0.67071, 0.0847304
-0.345, 0.278233, 0.664066, 0.126677
-0.315, 0.280525, 0.654802, 0.168125
-0.285, 0.283217, 0.642953, 0.208908
-0.255, 0.285834, 0.628567, 0.248867
-0.225, 0.28813, 0.6117, 0.287844
-0.195, 0.290039, 0.592419, 0.325685
-0.165, 0.291609, 0.5708, 0.362241
-0.135, 0.292939, 0.546929, 0.397367
-0.105, 0.294138, 0.520898, 0.430925
-0.075, 0.295306, 0.492813, 0.462782
-0.045, 0.296522, 0.462782, 0.492813
-0.015, 0.29785, 0.430925, 0.520898
0.015, 0.299329, 0.397367, 0.546929
0.045, 0.300982, 0.362241, 0.5708
0.075, 0.302812, 0.325685, 0.592419
0.105, 0.304798, 0.287844, 0.6117
0.135, 0.306897, 0.248867, 0.628567
0.165, 0.309031, 0.208908, 0.642953
0.195, 0.311091, 0.168125, 0.654802
0.225, 0.312928, 0.126677, 0.664066
0.255, 0.314371, 0.0847304, 0.67071
0.285, 0.315274, 0.042449, 0.674707
0.315, 0.315625, 4.13956e-17, 0.676041
0.345, 0.315713, -0.042449, 0.674707
0.375, 0.31632, -0.0847304, 0.67071
0.405, 0.318647, -0.126677, 0.664066
0.435, 0.324394, -0.168125, 0.654802
0.45, 0.308784, -0.208908, 0.642953
0.45, 0.277565, -0.248867, 0.628567
0.45, 0.246345, -0.287844, 0.6117
0.45, 0.215125, -0.325685, 0.592419
0.45, 0.183906, -0.362241, 0.5708
0.45, 0.152686, -0.397367, 0.546929
0.45, 0.121466, -0.430925, 0.520898
0.45, 0.0902464, -0.462782, 0.492813
0.45, 0.0590267, -0.492813, 0.462782
0.45, 0.027807, -0.520898, 0.430925
0.45, -0.00341273, -0.546929, 0.397367
0.45, -0.0346324, -0.5708, 0.362241
0.45, -0.0658522, -0.592419, 0.325685
0.45, -0.0970719, -0.6117, 0.287844
0.45, -0.128292, -0.628567, 0.248867
0.45, -0.159511, -0.642953, 0.208908
0.45, -0.190731, -0.654802, 0.168125
0.45, -0.221951, -0.664066, 0.126677
0.45, -0.25317, -0.67071, 0.0847304
0.45, -0.28439, -0.674707, 0.042449
0.435, -0.3, -0.676041, 8.27911e-17
0.405, -0.3, -0.674707, -0.042449
0.375, -0.3, -0.67071, -0.0847304
0.345, -0.3, -0.664066, -0.126677
0.315, -0.3, -0.654802, -0.168125
0.285, -0.3, -0.642953, -0.208908
0.255, -0.3, -0.628567, -0.248867
0.225, -0.3, -0.6117, -0.287844
0.195, -0.3, -0.592419, -0.325685
0.165, -0.3, -0.5708, -0.362241
0.135, -0.3, -0.546929, -0.397367
0.105, -0.3, -0.520898, -0.430925
0.075, -0.3, -0.492813, -0.462782
0.045, -0.3, -0.462782, -0.492813
0.015, -0.3, -0.430925, -0.520898
-0.015, -0.3, -0.397367, -0.546929
-0.045, -0.3, -0.362241, -0.5708
-0.075, -0.3, -0.325685, -0.592419
-0.105, -0.3, -0.287844, -0.6117
-0.135, -0.3, -0.248867, -0.628567
-0.165, -0.3, -0.208908, -0.642953
-0.195, -0.3, -0.168125, -0.654802
-0.225, -0.3, -0.126677, -0.664066
-0.255, -0.3, -0.0847304, -0.67071
-0.285, -0.3, -0.042449, -0.674707
-0.315, -0.3, -1.24187e-16, -0.676041
-0.345, -0.3, 0.042449, -0.674707
-0.375, -0.3, 0.0847304, -0.67071
-0.405, -0.3, 0.126677, -0.664066
-0.435, -0.3, 0.168125, -0.654802
-0.45, -0.285463, 0.208908, -0.642953
-0.45, -0.25639, 0.248867, -0.628567
-0.45, -0.227317, 0.287844, -0.6117
-0.45, -0.198244, 0.325685, -0.592419
-0.45, -0.16917, 0.362241, -0.5708
-0.45, -0.140097, 0.397367, -0.546929
-0.45, -0.111024, 0.430925, -0.520898
-0.45, -0.0819504, 0.462782, -0.492813
-0.45, -0.0528771, 0.492813, -0.462782
-0.45, -0.0238039, 0.520898, -0.430925
-0.45, 0.00526942, 0.546929, -0.397367
-0.45, 0.0343427, 0.5708, -0.362241
-0.45, 0.063416, 0.592419, -0.325685
-0.45, 0.0924893, 0.6117, -0.287844
-0.45, 0.121563, 0.628567, -0.248867
-0.45, 0.150636, 0.642953, -0.208908
-0.45, 0.179709, 0.654802, -0.168125
-0.45, 0.208782, 0.664066, -0.126677
-0.45, 0.237856, 0.67071, -0.0847304
-0.45, 0.266929, 0.674707, -0.042449
