-0.435, 0.327553, 0.676041, 0
-0.405, 0.321444, 0.674707, 0.042449
-0.375, 0.318983, 0.67071, 0.0847304
-0.345, 0.318369, 0.664066, 0.126677
-0.315, 0.318265, 0.654802, 0.168125
-0.285, 0.317788, 0.642953, 0.208908
-0.255, 0.316642, 0.628567, 0.248867
-0.225, 0.314879, 0.6117, 0.287844
-0.195, 0.312691, 0.592419, 0.325685
-0.165, 0.310283, 0.5708, 0.362241
-0.135, 0.30782, 0.546929, 0.397367
-0.105, 0.30542, 0.520898, 0.430925
-0.075, 0.303159, 0.492813, 0.462782
-0.045, 0.301081, 0.462782, 0.492813
-0.015, 0.299201, 0.430925, 0.520898
0.015, 0.297515, 0.397367, 0.546929
0.045, 0.295994, 0.362241, 0.5708
0.075, 0.294595, 0.325685, 0.592419
0.105, 0.293249, 0.287844, 0.6117
0.135, 0.291869, 0.248867, 0.628567
0.165, 0.290343, 0.208908, 0.642953
0.195, 0.288549, 0.168125, 0.654802
0.225, 0.286377, 0.126677, 0.664066
0.255, 0.283771, 0.0847304, 0.67071
0.285, 0.280811, 0.042449, 0.674707
0.315, 0.277782, 4.13942e-017, 0.676041
0.345, 0.275219, -0.042449, 0.674707
0.375, 0.273872, -0.0847304, 0.67071
0.405, 0.274585, -0.126677, 0.664066
0.435, 0.278249, -0.168125, 0.654802
0.45, 0.263793, -0.208908, 0.642953
0.45, 0.234881, -0.248867, 0.628567
0.45, 0.205968, -0.287844, 0.6117
0.45, 0.177056, -0.325685, 0.592419
0.45, 0.148143, -0.362241, 0.5708
0.45, 0.119231, -0.397367, 0.546929
0.45, 0.0903182, -0.430925, 0.520898
0.45, 0.0614058, -0.462782, 0.492813
0.45, 0.0324933, -0.492813, 0.462782
0.45, 0.00358084, -0.520898, 0.430925
0.45, -0.0253316, -0.546929, 0.397367
0.45, -0.0542441, -0.5708, 0.362241
0.45, -0.0831565, -0.592419, 0.325685
0.45, -0.112069, -0.6117, 0.287844
0.45, -0.140981, -0.628567, 0.248867
0.45, -0.169894, -0.642953, 0.208908
0.45, -0.198806, -0.654802, 0.168125
0.45, -0.227719, -0.664066, 0.126677
0.45, -0.256631, -0.67071, 0.0847304
0.45, -0.285544, -0.674707, 0.042449
0.435, -0.3, -0.676041, 8.27884e-017
0.405, -0.3, -0.674707, -0.042449
0.375, -0.3, -0.67071, -0.0847304
0.345, -0.3, -0.664066, -0.126677
0.315, -0.3, -0.654802, -0.168125
0.285, -0.3, -0.642953, -0.208908
0.255, -0.3, -0.628567, -0.248867
0.225, -0.3, -0.6117, -0.287844
0.195, -0.3, -0.592419, -0.325685
0.165, -0.3, -0.5708, -0.362241
0.135, -0.3, -0.546929, -0.397367
0.105, -0.3, -0.520898, -0.430925
0.075, -0.3, -0.492813, -0.462782
0.045, -0.3, -0.462782, -0.492813
0.015, -0.3, -0.430925, -0.520898
-0.015, -0.3, -0.397367, -0.546929
-0.045, -0.3, -0.362241, -0.5708
-0.075, -0.3, -0.325685, -0.592419
-0.105, -0.3, -0.287844, -0.6117
-0.135, -0.3, -0.248867, -0.628567
-0.165, -0.3, -0.208908, -0.642953
-0.195, -0.3, -0.168125, -0.654802
-0.225, -0.3, -0.126677, -0.664066
-0.255, -0.3, -0.0847304, -0.67071
-0.285, -0.3, -0.042449, -0.674707
-0.315, -0.3, -1.24183e-016, -0.676041
-0.345, -0.3, 0.042449, -0.674707
-0.375, -0.3, 0.0847304, -0.67071
-0.405, -0.3, 0.126677, -0.664066
-0.435, -0.3, 0.168125, -0.654802
-0.45, -0.284311, 0.208908, -0.642953
-0.45, -0.252934, 0.248867, -0.628567
-0.45, -0.221556, 0.287844, -0.6117
-0.45, -0.190178, 0.325685, -0.592419
-0.45, -0.158801, 0.362241, -0.5708
-0.45, -0.127423, 0.397367, -0.546929
-0.45, -0.0960453, 0.430925, -0.520898
-0.45, -0.0646676, 0.462782, -0.492813
-0.45, -0.03329, 0.492813, -0.462782
-0.45, -0.00191231, 0.520898, -0.430925
-0.45, 0.0294653, 0.546929, -0.397367
-0.45, 0.060843, 0.5708, -0.362241
-0.45, 0.0922206, 0.592419, -0.325685
-0.45, 0.123598, 0.6117, -0.287844
-0.45, 0.154976, 0.628567, -0.248867
-0.45, 0.186354, 0.642953, -0.208908
-0.45, 0.217731, 0.654802, -0.168125
-0.45, 0.249109, 0.664066, -0.126677
-0.45, 0.280487, 0.67071, -0.0847304
-0.45, 0.311864, 0.674707, -0.042449
