-0.435, 0.258829, 0.676041, 0
-0.405, 0.256539, 0.674707, 0.042449
-0.375, 0.256785, 0.67071, 0.0847304
-0.345, 0.259056, 0.664066, 0.126677
-0.315, 0.262726, 0.654802, 0.168125
-0.285, 0.267128, 0.642953, 0.208908
-0.255, 0.271682, 0.628567, 0.248867
-0.225, 0.275994, 0.6117, 0.287844
-0.195, 0.279881, 0.592419, 0.325685
-0.165, 0.283326, 0.5708, 0.362241
-0.135, 0.286411, 0.546929, 0.397367
-0.105, 0.289256, 0.520898, 0.430925
-0.075, 0.29198, 0.492813, 0.462782
-0.045, 0.294687, 0.462782, 0.492813
-0.015, 0.297461, 0.430925, 0.520898
0.015, 0.300363, 0.397367, 0.546929
0.045, 0.303435, 0.362241, 0.5708
0.075, 0.306699, 0.325685, 0.592419
0.105, 0.310157, 0.287844, 0.6117
0.135, 0.313784, 0.248867, 0.628567
0.165, 0.317522, 0.208908, 0.642953
0.195, 0.321266, 0.168125, 0.654802
0.225, 0.324852, 0.126677, 0.664066
0.255, 0.328051, 0.0847304, 0.67071
0.285, 0.330594, 0.042449, 0.674707
0.315, 0.332306, 4.13942e-017, 0.676041
0.345, 0.333356, -0.042449, 0.674707
0.375, 0.334694, -0.0847304, 0.67071
0.405, 0.337947, -0.126677, 0.664066
0.435, 0.345562, -0.168125, 0.654802
0.45, 0.329423, -0.208908, 0.642953
0.45, 0.297145, -0.248867, 0.628567
0.45, 0.264867, -0.287844, 0.6117
0.45, 0.232589, -0.325685, 0.592419
0.45, 0.200311, -0.362241, 0.5708
0.45, 0.168032, -0.397367, 0.546929
0.45, 0.135754, -0.430925, 0.520898
0.45, 0.103476, -0.462782, 0.492813
0.45, 0.0711982, -0.492813, 0.462782
0.45, 0.0389201, -0.520898, 0.430925
0.45, 0.00664196, -0.546929, 0.397367
0.45, -0.0256361, -0.5708, 0.362241
0.45, -0.0579142, -0.592419, 0.325685
0.45, -0.0901923, -0.6117, 0.287844
0.45, -0.12247, -0.628567, 0.248867
0.45, -0.154749, -0.642953, 0.208908
0.45, -0.187027, -0.654802, 0.168125
0.45, -0.219305, -0.664066, 0.126677
0.45, -0.251583, -0.67071, 0.0847304
0.45, -0.283861, -0.674707, 0.042449
0.435, -0.3, -0.676041, 8.27884e-017
0.405, -0.3, -0.674707, -0.042449
0.375, -0.3, -0.67071, -0.0847304
0.345, -0.3, -0.664066, -0.126677
0.315, -0.3, -0.654802, -0.168125
0.285, -0.3, -0.642953, -0.208908
0.255, -0.3, -0.628567, -0.248867
0.225, -0.3, -0.6117, -0.287844
0.195, -0.3, -0.592419, -0.325685
0.165, -0.3, -0.5708, -0.362241
0.135, -0.3, -0.546929, -0.397367
0.105, -0.3, -0.520898, -0.430925
0.075, -0.3, -0.492813, -0.462782
0.045, -0.3, -0.462782, -0.492813
0.015, -0.3, -0.430925, -0.520898
-0.015, -0.3, -0.397367, -0.546929
-0.045, -0.3, -0.362241, -0.5708
-0.075, -0.3, -0.325685, -0.592419
-0.105, -0.3, -0.287844, -0.6117
-0.135, -0.3, -0.248867, -0.628567
-0.165, -0.3, -0.208908, -0.642953
-0.195, -0.3, -0.168125, -0.654802
-0.225, -0.3, -0.126677, -0.664066
-0.255, -0.3, -0.0847304, -0.67071
-0.285, -0.3, -0.042449, -0.674707
-0.315, -0.3, -1.24183e-016, -0.676041
-0.345, -0.3, 0.042449, -0.674707
-0.375, -0.3, 0.0847304, -0.67071
-0.405, -0.3, 0.126677, -0.664066
-0.435, -0.3, 0.168125, -0.654802
-0.45, -0.286029, 0.208908, -0.642953
-0.45, -0.258088, 0.248867, -0.628567
-0.45, -0.230146, 0.287844, -0.6117
-0.45, -0.202205, 0.325685, -0.592419
-0.45, -0.174264, 0.362241, -0.5708
-0.45, -0.146322, 0.397367, -0.546929
-0.45, -0.118381, 0.430925, -0.520898
-0.45, -0.0904392, 0.462782, -0.492813
-0.45, -0.0624977, 0.492813, -0.462782
-0.45, -0.0345563, 0.520898, -0.430925
-0.45, -0.00661485, 0.546929, -0.397367
-0.45, 0.0213266, 0.5708, -0.362241
-0.45, 0.049268, 0.592419, -0.325685
-0.45, 0.0772095, 0.6117, -0.287844
-0.45, 0.105151, 0.628567, -0.248867
-0.45, 0.133092, 0.642953, -0.208908
-0.45, 0.161034, 0.654802, -0.168125
-0.45, 0.188975, 0.664066, -0.126677
-0.45, 0.216917, 0.67071, -0.0847304
-0.45, 0.244858, 0.674707, -0.042449
