-0.435, 0.26534, 0.676041, 0
-0.405, 0.262486, 0.674707, 0.042449
-0.375, 0.262348, 0.67071, 0.0847304
-0.345, 0.264297, 0.664066, 0.126677
-0.315, 0.267626, 0.654802, 0.168125
-0.285, 0.271617, 0.642953, 0.208908
-0.255, 0.27568, 0.628567, 0.248867
-0.225, 0.279443, 0.6117, 0.287844
-0.195, 0.282757, 0.592419, 0.325685
-0.165, 0.285635, 0.5708, 0.362241
-0.135, 0.288177, 0.546929, 0.397367
-0.105, 0.290509, 0.520898, 0.430925
-0.075, 0.292752, 0.492813, 0.462782
-0.045, 0.295007, 0.462782, 0.492813
-0.015, 0.297351, 0.430925, 0.520898
0.015, 0.299843, 0.397367, 0.546929
0.045, 0.302519, 0.362241, 0.5708
0.075, 0.305397, 0.325685, 0.592419
0.105, 0.308475, 0.287844, 0.6117
0.135, 0.311722, 0.248867, 0.628567
0.165, 0.315073, 0.208908, 0.642953
0.195, 0.318419, 0.168125, 0.654802
0.225, 0.321588, 0.126677, 0.664066
0.255, 0.324348, 0.0847304, 0.67071
0.285, 0.326437, 0.042449, 0.674707
0.315, 0.327706, 4.13942e-017, 0.676041
0.345, 0.328373, -0.042449, 0.674707
0.375, 0.329405, -0.0847304, 0.67071
0.405, 0.332376, -0.126677, 0.664066
0.435, 0.339483, -0.168125, 0.654802
0.45, 0.323496, -0.208908, 0.642953
0.45, 0.291521, -0.248867, 0.628567
0.45, 0.259547, -0.287844, 0.6117
0.45, 0.227573, -0.325685, 0.592419
0.45, 0.195599, -0.362241, 0.5708
0.45, 0.163625, -0.397367, 0.546929
0.45, 0.131651, -0.430925, 0.520898
0.45, 0.0996766, -0.462782, 0.492813
0.45, 0.0677025, -0.492813, 0.462782
0.45, 0.0357284, -0.520898, 0.430925
0.45, 0.00375423, -0.546929, 0.397367
0.45, -0.0282199, -0.5708, 0.362241
0.45, -0.060194, -0.592419, 0.325685
0.45, -0.0921682, -0.6117, 0.287844
0.45, -0.124142, -0.628567, 0.248867
0.45, -0.156116, -0.642953, 0.208908
0.45, -0.188091, -0.654802, 0.168125
0.45, -0.220065, -0.664066, 0.126677
0.45, -0.252039, -0.67071, 0.0847304
0.45, -0.284013, -0.674707, 0.042449
0.435, -0.3, -0.676041, 8.27884e-017
0.405, -0.3, -0.674707, -0.042449
0.375, -0.3, -0.67071, -0.0847304
0.345, -0.3, -0.664066, -0.126677
0.315, -0.3, -0.654802, -0.168125
0.285, -0.3, -0.642953, -0.208908
0.255, -0.3, -0.628567, -0.248867
0.225, -0.3, -0.6117, -0.287844
0.195, -0.3, -0.592419, -0.325685
0.165, -0.3, -0.5708, -0.362241
0.135, -0.3, -0.546929, -0.397367
0.105, -0.3, -0.520898, -0.430925
0.075, -0.3, -0.492813, -0.462782
0.045, -0.3, -0.462782, -0.492813
0.015, -0.3, -0.430925, -0.520898
-0.015, -0.3, -0.397367, -0.546929
-0.045, -0.3, -0.362241, -0.5708
-0.075, -0.3, -0.325685, -0.592419
-0.105, -0.3, -0.287844, -0.6117
-0.135, -0.3, -0.248867, -0.628567
-0.165, -0.3, -0.208908, -0.642953
-0.195, -0.3, -0.168125, -0.654802
-0.225, -0.3, -0.126677, -0.664066
-0.255, -0.3, -0.0847304, -0.67071
-0.285, -0.3, -0.042449, -0.674707
-0.315, -0.3, -1.24183e-016, -0.676041
-0.345, -0.3, 0.042449, -0.674707
-0.375, -0.3, 0.0847304, -0.67071
-0.405, -0.3, 0.126677, -0.664066
-0.435, -0.3, 0.168125, -0.654802
-0.45, -0.285867, 0.208908, -0.642953
-0.45, -0.2576, 0.248867, -0.628567
-0.45, -0.229333, 0.287844, -0.6117
-0.45, -0.201066, 0.325685, -0.592419
-0.45, -0.172799, 0.362241, -0.5708
-0.45, -0.144532, 0.397367, -0.546929
-0.45, -0.116265, 0.430925, -0.520898
-0.45, -0.0879977, 0.462782, -0.492813
-0.45, -0.0597307, 0.492813, -0.462782
-0.45, -0.0314637, 0.520898, -0.430925
-0.45, -0.00319672, 0.546929, -0.397367
-0.45, 0.0250703, 0.5708, -0.362241
-0.45, 0.0533372, 0.592419, -0.325685
-0.45, 0.0816042, 0.6117, -0.287844
-0.45, 0.109871, 0.628567, -0.248867
-0.45, 0.138138, 0.642953, -0.208908
-0.45, 0.166405, 0.654802, -0.168125
-0.45, 0.194672, 0.664066, -0.126677
-0.45, 0.222939, 0.67071, -0.0847304
-0.45, 0.251206, 0.674707, -0.042449
