-0.435, 0.300306, 0.676041, 0
-0.405, 0.294727, 0.674707, 0.042449
-0.375, 0.292824, 0.67071, 0.0847304
-0.345, 0.29318, 0.664066, 0.126677
-0.315, 0.294627, 0.654802, 0.168125
-0.285, 0.296229, 0.642953, 0.208908
-0.255, 0.297458, 0.628567, 0.248867
-0.225, 0.298144, 0.6117, 0.287844
-0.195, 0.298345, 0.592419, 0.325685
-0.165, 0.298213, 0.5708, 0.362241
-0.135, 0.297909, 0.546929, 0.397367
-0.105, 0.297572, 0.520898, 0.430925
-0.075, 0.297306, 0.492813, 0.462782
-0.045, 0.297184, 0.462782, 0.492813
-0.015, 0.297255, 0.430925, 0.520898
0.015, 0.297546, 0.397367, 0.546929
0.045, 0.298063, 0.362241, 0.5708
0.075, 0.298795, 0.325685, 0.592419
0.105, 0.299707, 0.287844, 0.6117
0.135, 0.300735, 0.248867, 0.628567
0.165, 0.301781, 0.208908, 0.642953
0.195, 0.302701, 0.168125, 0.654802
0.225, 0.303309, 0.126677, 0.664066
0.255, 0.303398, 0.0847304, 0.67071
0.285, 0.302824, 0.042449, 0.674707
0.315, 0.301664, 4.13942e-017, 0.676041
0.345, 0.300399, -0.042449, 0.674707
0.375, 0.299989, -0.0847304, 0.67071
0.405, 0.301605, -0.126677, 0.664066
0.435, 0.306452, -0.168125, 0.654802
0.45, 0.29129, -0.208908, 0.642953
0.45, 0.260968, -0.248867, 0.628567
0.45, 0.230645, -0.287844, 0.6117
0.45, 0.200322, -0.325685, 0.592419
0.45, 0.17, -0.362241, 0.5708
0.45, 0.139677, -0.397367, 0.546929
0.45, 0.109355, -0.430925, 0.520898
0.45, 0.0790322, -0.462782, 0.492813
0.45, 0.0487096, -0.492813, 0.462782
0.45, 0.018387, -0.520898, 0.430925
0.45, -0.0119355, -0.546929, 0.397367
0.45, -0.0422581, -0.5708, 0.362241
0.45, -0.0725807, -0.592419, 0.325685
0.45, -0.102903, -0.6117, 0.287844
0.45, -0.133226, -0.628567, 0.248867
0.45, -0.163548, -0.642953, 0.208908
0.45, -0.193871, -0.654802, 0.168125
0.45, -0.224194, -0.664066, 0.126677
0.45, -0.254516, -0.67071, 0.0847304
0.45, -0.284839, -0.674707, 0.042449
0.435, -0.3, -0.676041, 8.27884e-017
0.405, -0.3, -0.674707, -0.042449
0.375, -0.3, -0.67071, -0.0847304
0.345, -0.3, -0.664066, -0.126677
0.315, -0.3, -0.654802, -0.168125
0.285, -0.3, -0.642953, -0.208908
0.255, -0.3, -0.628567, -0.248867
0.225, -0.3, -0.6117, -0.287844
0.195, -0.3, -0.592419, -0.325685
0.165, -0.3, -0.5708, -0.362241
0.135, -0.3, -0.546929, -0.397367
0.105, -0.3, -0.520898, -0.430925
0.075, -0.3, -0.492813, -0.462782
0.045, -0.3, -0.462782, -0.492813
0.015, -0.3, -0.430925, -0.520898
-0.015, -0.3, -0.397367, -0.546929
-0.045, -0.3, -0.362241, -0.5708
-0.075, -0.3, -0.325685, -0.592419
-0.105, -0.3, -0.287844, -0.6117
-0.135, -0.3, -0.248867, -0.628567
-0.165, -0.3, -0.208908, -0.642953
-0.195, -0.3, -0.168125, -0.654802
-0.225, -0.3, -0.126677, -0.664066
-0.255, -0.3, -0.0847304, -0.67071
-0.285, -0.3, -0.042449, -0.674707
-0.315, -0.3, -1.24183e-016, -0.676041
-0.345, -0.3, 0.042449, -0.674707
-0.375, -0.3, 0.0847304, -0.67071
-0.405, -0.3, 0.126677, -0.664066
-0.435, -0.3, 0.168125, -0.654802
-0.45, -0.284992, 0.208908, -0.642953
-0.45, -0.254977, 0.248867, -0.628567
-0.45, -0.224962, 0.287844, -0.6117
-0.45, -0.194947, 0.325685, -0.592419
-0.45, -0.164931, 0.362241, -0.5708
-0.45, -0.134916, 0.397367, -0.546929
-0.45, -0.104901, 0.430925, -0.520898
-0.45, -0.0748854, 0.462782, -0.492813
-0.45, -0.0448702, 0.492813, -0.462782
-0.45, -0.0148549, 0.520898, -0.430925
-0.45, 0.0151604, 0.546929, -0.397367
-0.45, 0.0451757, 0.5708, -0.362241
-0.45, 0.075191, 0.592419, -0.325685
-0.45, 0.105206, 0.6117, -0.287844
-0.45, 0.135222, 0.628567, -0.248867
-0.45, 0.165237, 0.642953, -0.208908
-0.45, 0.195252, 0.654802, -0.168125
-0.45, 0.225267, 0.664066, -0.126677
-0.45, 0.255283, 0.67071, -0.0847304
-0.45, 0.285298, 0.674707, -0.042449
