-0.435, 0.313843, 0.676041, 0
-0.405, 0.307226, 0.674707, 0.042449
-0.375, 0.30467, 0.67071, 0.0847304
-0.345, 0.30438, 0.664066, 0.126677
-0.315, 0.305018, 0.654802, 0.168125
-0.285, 0.305599, 0.642953, 0.208908
-0.255, 0.305672, 0.628567, 0.248867
-0.225, 0.305168, 0.6117, 0.287844
-0.195, 0.304213, 0.592419, 0.325685
-0.165, 0.302992, 0.5708, 0.362241
-0.135, 0.301673, 0.546929, 0.397367
-0.105, 0.300385, 0.520898, 0.430925
-0.075, 0.299219, 0.492813, 0.462782
-0.045, 0.298236, 0.462782, 0.492813
-0.015, 0.297471, 0.430925, 0.520898
0.015, 0.296937, 0.397367, 0.546929
0.045, 0.29663, 0.362241, 0.5708
0.075, 0.296523, 0.325685, 0.592419
0.105, 0.296568, 0.287844, 0.6117
0.135, 0.296689, 0.248867, 0.628567
0.165, 0.296773, 0.208908, 0.642953
0.195, 0.296668, 0.168125, 0.654802
0.225, 0.296188, 0.126677, 0.664066
0.255, 0.295156, 0.0847304, 0.67071
0.285, 0.293499, 0.042449, 0.674707
0.315, 0.29139, 4.13942e-017, 0.676041
0.345, 0.289382, -0.042449, 0.674707
0.375, 0.288388, -0.0847304, 0.67071
0.405, 0.289412, -0.126677, 0.664066
0.435, 0.29338, -0.168125, 0.654802
0.45, 0.278546, -0.208908, 0.642953
0.45, 0.248877, -0.248867, 0.628567
0.45, 0.219208, -0.287844, 0.6117
0.45, 0.189539, -0.325685, 0.592419
0.45, 0.15987, -0.362241, 0.5708
0.45, 0.130201, -0.397367, 0.546929
0.45, 0.100532, -0.430925, 0.520898
0.45, 0.0708625, -0.462782, 0.492813
0.45, 0.0411935, -0.492813, 0.462782
0.45, 0.0115245, -0.520898, 0.430925
0.45, -0.0181445, -0.546929, 0.397367
0.45, -0.0478135, -0.5708, 0.362241
0.45, -0.0774825, -0.592419, 0.325685
0.45, -0.107151, -0.6117, 0.287844
0.45, -0.13682, -0.628567, 0.248867
0.45, -0.166489, -0.642953, 0.208908
0.45, -0.196158, -0.654802, 0.168125
0.45, -0.225827, -0.664066, 0.126677
0.45, -0.255496, -0.67071, 0.0847304
0.45, -0.285165, -0.674707, 0.042449
0.435, -0.3, -0.676041, 8.27884e-017
0.405, -0.3, -0.674707, -0.042449
0.375, -0.3, -0.67071, -0.0847304
0.345, -0.3, -0.664066, -0.126677
0.315, -0.3, -0.654802, -0.168125
0.285, -0.3, -0.642953, -0.208908
0.255, -0.3, -0.628567, -0.248867
0.225, -0.3, -0.6117, -0.287844
0.195, -0.3, -0.592419, -0.325685
0.165, -0.3, -0.5708, -0.362241
0.135, -0.3, -0.546929, -0.397367
0.105, -0.3, -0.520898, -0.430925
0.075, -0.3, -0.492813, -0.462782
0.045, -0.3, -0.462782, -0.492813
0.015, -0.3, -0.430925, -0.520898
-0.015, -0.3, -0.397367, -0.546929
-0.045, -0.3, -0.362241, -0.5708
-0.075, -0.3, -0.325685, -0.592419
-0.105, -0.3, -0.287844, -0.6117
-0.135, -0.3, -0.248867, -0.628567
-0.165, -0.3, -0.208908, -0.642953
-0.195, -0.3, -0.168125, -0.654802
-0.225, -0.3, -0.126677, -0.664066
-0.255, -0.3, -0.0847304, -0.67071
-0.285, -0.3, -0.042449, -0.674707
-0.315, -0.3, -1.24183e-016, -0.676041
-0.345, -0.3, 0.042449, -0.674707
-0.375, -0.3, 0.0847304, -0.67071
-0.405, -0.3, 0.126677, -0.664066
-0.435, -0.3, 0.168125, -0.654802
-0.45, -0.284654, 0.208908, -0.642953
-0.45, -0.253962, 0.248867, -0.628567
-0.45, -0.22327, 0.287844, -0.6117
-0.45, -0.192577, 0.325685, -0.592419
-0.45, -0.161885, 0.362241, -0.5708
-0.45, -0.131193, 0.397367, -0.546929
-0.45, -0.100501, 0.430925, -0.520898
-0.45, -0.0698087, 0.462782, -0.492813
-0.45, -0.0391165, 0.492813, -0.462782
-0.45, -0.00842436, 0.520898, -0.430925
-0.45, 0.0222678, 0.546929, -0.397367
-0.45, 0.05296, 0.5708, -0.362241
-0.45, 0.0836522, 0.592419, -0.325685
-0.45, 0.114344, 0.6117, -0.287844
-0.45, 0.145036, 0.628567, -0.248867
-0.45, 0.175729, 0.642953, -0.208908
-0.45, 0.206421, 0.654802, -0.168125
-0.45, 0.237113, 0.664066, -0.126677
-0.45, 0.267805, 0.67071, -0.0847304
-0.45, 0.298497, 0.674707, -0.042449
