-0.435, 0.326109, 0.676041, 0
-0.405, 0.318622, 0.674707, 0.042449
-0.375, 0.315543, 0.67071, 0.0847304
-0.345, 0.314722, 0.664066, 0.126677
-0.315, 0.314669, 0.654802, 0.168125
-0.285, 0.314373, 0.642953, 0.208908
-0.255, 0.313463, 0.628567, 0.248867
-0.225, 0.311951, 0.6117, 0.287844
-0.195, 0.310019, 0.592419, 0.325685
-0.165, 0.307869, 0.5708, 0.362241
-0.135, 0.305669, 0.546929, 0.397367
-0.105, 0.303538, 0.520898, 0.430925
-0.075, 0.301557, 0.492813, 0.462782
-0.045, 0.299774, 0.462782, 0.492813
-0.015, 0.29821, 0.430925, 0.520898
0.015, 0.296867, 0.397367, 0.546929
0.045, 0.295729, 0.362241, 0.5708
0.075, 0.294757, 0.325685, 0.592419
0.105, 0.293892, 0.287844, 0.6117
0.135, 0.293043, 0.248867, 0.628567
0.165, 0.292087, 0.208908, 0.642953
0.195, 0.290868, 0.168125, 0.654802
0.225, 0.289218, 0.126677, 0.664066
0.255, 0.287006, 0.0847304, 0.67071
0.285, 0.284245, 0.042449, 0.674707
0.315, 0.28121, 4.13942e-017, 0.676041
0.345, 0.278503, -0.042449, 0.674707
0.375, 0.276972, -0.0847304, 0.67071
0.405, 0.277458, -0.126677, 0.664066
0.435, 0.280659, -0.168125, 0.654802
0.45, 0.266143, -0.208908, 0.642953
0.45, 0.23711, -0.248867, 0.628567
0.45, 0.208077, -0.287844, 0.6117
0.45, 0.179044, -0.325685, 0.592419
0.45, 0.150011, -0.362241, 0.5708
0.45, 0.120978, -0.397367, 0.546929
0.45, 0.0919449, -0.430925, 0.520898
0.45, 0.0629119, -0.462782, 0.492813
0.45, 0.033879, -0.492813, 0.462782
0.45, 0.00484602, -0.520898, 0.430925
0.45, -0.0241869, -0.546929, 0.397367
0.45, -0.0532199, -0.5708, 0.362241
0.45, -0.0822528, -0.592419, 0.325685
0.45, -0.111286, -0.6117, 0.287844
0.45, -0.140319, -0.628567, 0.248867
0.45, -0.169352, -0.642953, 0.208908
0.45, -0.198385, -0.654802, 0.168125
0.45, -0.227418, -0.664066, 0.126677
0.45, -0.256451, -0.67071, 0.0847304
0.45, -0.285484, -0.674707, 0.042449
0.435, -0.3, -0.676041, 8.27884e-017
0.405, -0.3, -0.674707, -0.042449
0.375, -0.3, -0.67071, -0.0847304
0.345, -0.3, -0.664066, -0.126677
0.315, -0.3, -0.654802, -0.168125
0.285, -0.3, -0.642953, -0.208908
0.255, -0.3, -0.628567, -0.248867
0.225, -0.3, -0.6117, -0.287844
0.195, -0.3, -0.592419, -0.325685
0.165, -0.3, -0.5708, -0.362241
0.135, -0.3, -0.546929, -0.397367
0.105, -0.3, -0.520898, -0.430925
0.075, -0.3, -0.492813, -0.462782
0.045, -0.3, -0.462782, -0.492813
0.015, -0.3, -0.430925, -0.520898
-0.015, -0.3, -0.397367, -0.546929
-0.045, -0.3, -0.362241, -0.5708
-0.075, -0.3, -0.325685, -0.592419
-0.105, -0.3, -0.287844, -0.6117
-0.135, -0.3, -0.248867, -0.628567
-0.165, -0.3, -0.208908, -0.642953
-0.195, -0.3, -0.168125, -0.654802
-0.225, -0.3, -0.126677, -0.664066
-0.255, -0.3, -0.0847304, -0.67071
-0.285, -0.3, -0.042449, -0.674707
-0.315, -0.3, -1.24183e-016, -0.676041
-0.345, -0.3, 0.042449, -0.674707
-0.375, -0.3, 0.0847304, -0.67071
-0.405, -0.3, 0.126677, -0.664066
-0.435, -0.3, 0.168125, -0.654802
-0.45, -0.284347, 0.208908, -0.642953
-0.45, -0.253042, 0.248867, -0.628567
-0.45, -0.221736, 0.287844, -0.6117
-0.45, -0.190431, 0.325685, -0.592419
-0.45, -0.159126, 0.362241, -0.5708
-0.45, -0.12782, 0.397367, -0.546929
-0.45, -0.0965147, 0.430925, -0.520898
-0.45, -0.0652093, 0.462782, -0.492813
-0.45, -0.0339038, 0.492813, -0.462782
-0.45, -0.00259842, 0.520898, -0.430925
-0.45, 0.028707, 0.546929, -0.397367
-0.45, 0.0600124, 0.5708, -0.362241
-0.45, 0.0913179, 0.592419, -0.325685
-0.45, 0.122623, 0.6117, -0.287844
-0.45, 0.153929, 0.628567, -0.248867
-0.45, 0.185234, 0.642953, -0.208908
-0.45, 0.21654, 0.654802, -0.168125
-0.45, 0.247845, 0.664066, -0.126677
-0.45, 0.27915, 0.67071, -0.0847304
-0.45, 0.310456, 0.674707, -0.042449
