-0.435, 0.342292, 0.676041, 0
-0.405, 0.334729, 0.674707, 0.042449
-0.375, 0.331565, 0.67071, 0.0847304
-0.345, 0.330493, 0.664066, 0.126677
-0.315, 0.329787, 0.654802, 0.168125
-0.285, 0.328374, 0.642953, 0.208908
-0.255, 0.326055, 0.628567, 0.248867
-0.225, 0.323025, 0.6117, 0.287844
-0.195, 0.319588, 0.592419, 0.325685
-0.165, 0.315993, 0.5708, 0.362241
-0.135, 0.312416, 0.546929, 0.397367
-0.105, 0.308963, 0.520898, 0.430925
-0.075, 0.305693, 0.492813, 0.462782
-0.045, 0.302629, 0.462782, 0.492813
-0.015, 0.29977, 0.430925, 0.520898
0.015, 0.297096, 0.397367, 0.546929
0.045, 0.294567, 0.362241, 0.5708
0.075, 0.292126, 0.325685, 0.592419
0.105, 0.289693, 0.287844, 0.6117
0.135, 0.287164, 0.248867, 0.628567
0.165, 0.284413, 0.208908, 0.642953
0.195, 0.281305, 0.168125, 0.654802
0.225, 0.277732, 0.126677, 0.664066
0.255, 0.273684, 0.0847304, 0.67071
0.285, 0.269332, 0.042449, 0.674707
0.315, 0.265091, 4.13942e-017, 0.676041
0.345, 0.261595, -0.042449, 0.674707
0.375, 0.259585, -0.0847304, 0.67071
0.405, 0.259733, -0.126677, 0.664066
0.435, 0.262593, -0.168125, 0.654802
0.45, 0.248528, -0.208908, 0.642953
0.45, 0.220399, -0.248867, 0.628567
0.45, 0.192269, -0.287844, 0.6117
0.45, 0.164139, -0.325685, 0.592419
0.45, 0.13601, -0.362241, 0.5708
0.45, 0.10788, -0.397367, 0.546929
0.45, 0.0797504, -0.430925, 0.520898
0.45, 0.0516207, -0.462782, 0.492813
0.45, 0.0234911, -0.492813, 0.462782
0.45, -0.00463858, -0.520898, 0.430925
0.45, -0.0327682, -0.546929, 0.397367
0.45, -0.0608979, -0.5708, 0.362241
0.45, -0.0890276, -0.592419, 0.325685
0.45, -0.117157, -0.6117, 0.287844
0.45, -0.145287, -0.628567, 0.248867
0.45, -0.173417, -0.642953, 0.208908
0.45, -0.201546, -0.654802, 0.168125
0.45, -0.229676, -0.664066, 0.126677
0.45, -0.257806, -0.67071, 0.0847304
0.45, -0.285935, -0.674707, 0.042449
0.435, -0.3, -0.676041, 8.27884e-017
0.405, -0.3, -0.674707, -0.042449
0.375, -0.3, -0.67071, -0.0847304
0.345, -0.3, -0.664066, -0.126677
0.315, -0.3, -0.654802, -0.168125
0.285, -0.3, -0.642953, -0.208908
0.255, -0.3, -0.628567, -0.248867
0.225, -0.3, -0.6117, -0.287844
0.195, -0.3, -0.592419, -0.325685
0.165, -0.3, -0.5708, -0.362241
0.135, -0.3, -0.546929, -0.397367
0.105, -0.3, -0.520898, -0.430925
0.075, -0.3, -0.492813, -0.462782
0.045, -0.3, -0.462782, -0.492813
0.015, -0.3, -0.430925, -0.520898
-0.015, -0.3, -0.397367, -0.546929
-0.045, -0.3, -0.362241, -0.5708
-0.075, -0.3, -0.325685, -0.592419
-0.105, -0.3, -0.287844, -0.6117
-0.135, -0.3, -0.248867, -0.628567
-0.165, -0.3, -0.208908, -0.642953
-0.195, -0.3, -0.168125, -0.654802
-0.225, -0.3, -0.126677, -0.664066
-0.255, -0.3, -0.0847304, -0.67071
-0.285, -0.3, -0.042449, -0.674707
-0.315, -0.3, -1.24183e-016, -0.676041
-0.345, -0.3, 0.042449, -0.674707
-0.375, -0.3, 0.0847304, -0.67071
-0.405, -0.3, 0.126677, -0.664066
-0.435, -0.3, 0.168125, -0.654802
-0.45, -0.283943, 0.208908, -0.642953
-0.45, -0.251828, 0.248867, -0.628567
-0.45, -0.219713, 0.287844, -0.6117
-0.45, -0.187599, 0.325685, -0.592419
-0.45, -0.155484, 0.362241, -0.5708
-0.45, -0.12337, 0.397367, -0.546929
-0.45, -0.0912551, 0.430925, -0.520898
-0.45, -0.0591404, 0.462782, -0.492813
-0.45, -0.0270258, 0.492813, -0.462782
-0.45, 0.00508877, 0.520898, -0.430925
-0.45, 0.0372034, 0.546929, -0.397367
-0.45, 0.069318, 0.5708, -0.362241
-0.45, 0.101433, 0.592419, -0.325685
-0.45, 0.133547, 0.6117, -0.287844
-0.45, 0.165662, 0.628567, -0.248867
-0.45, 0.197776, 0.642953, -0.208908
-0.45, 0.229891, 0.654802, -0.168125
-0.45, 0.262006, 0.664066, -0.126677
-0.45, 0.29412, 0.67071, -0.0847304
-0.45, 0.326235, 0.674707, -0.042449
