-0.435, 0.255196, 0.676041, 0
-0.405, 0.253124, 0.674707, 0.042449
-0.375, 0.253467, 0.67071, 0.0847304
-0.345, 0.25588, 0.664066, 0.126677
-0.315, 0.259819, 0.654802, 0.168125
-0.285, 0.264589, 0.642953, 0.208908
-0.255, 0.269533, 0.628567, 0.248867
-0.225, 0.27419, 0.6117, 0.287844
-0.195, 0.278351, 0.592419, 0.325685
-0.165, 0.282013, 0.5708, 0.362241
-0.135, 0.285283, 0.546929, 0.397367
-0.105, 0.288305, 0.520898, 0.430925
-0.075, 0.291212, 0.492813, 0.462782
-0.045, 0.294111, 0.462782, 0.492813
-0.015, 0.297082, 0.430925, 0.520898
0.015, 0.300182, 0.397367, 0.546929
0.045, 0.303449, 0.362241, 0.5708
0.075, 0.306904, 0.325685, 0.592419
0.105, 0.310549, 0.287844, 0.6117
0.135, 0.314366, 0.248867, 0.628567
0.165, 0.318303, 0.208908, 0.642953
0.195, 0.322261, 0.168125, 0.654802
0.225, 0.326076, 0.126677, 0.664066
0.255, 0.329503, 0.0847304, 0.67071
0.285, 0.332233, 0.042449, 0.674707
0.315, 0.33405, 4.13942e-017, 0.676041
0.345, 0.335132, -0.042449, 0.674707
0.375, 0.336629, -0.0847304, 0.67071
0.405, 0.340449, -0.126677, 0.664066
0.435, 0.349394, -0.168125, 0.654802
0.45, 0.333159, -0.208908, 0.642953
0.45, 0.300689, -0.248867, 0.628567
0.45, 0.268219, -0.287844, 0.6117
0.45, 0.23575, -0.325685, 0.592419
0.45, 0.20328, -0.362241, 0.5708
0.45, 0.17081, -0.397367, 0.546929
0.45, 0.138341, -0.430925, 0.520898
0.45, 0.105871, -0.462782, 0.492813
0.45, 0.0734014, -0.492813, 0.462782
0.45, 0.0409317, -0.520898, 0.430925
0.45, 0.00846201, -0.546929, 0.397367
0.45, -0.0240077, -0.5708, 0.362241
0.45, -0.0564774, -0.592419, 0.325685
0.45, -0.088947, -0.6117, 0.287844
0.45, -0.121417, -0.628567, 0.248867
0.45, -0.153886, -0.642953, 0.208908
0.45, -0.186356, -0.654802, 0.168125
0.45, -0.218826, -0.664066, 0.126677
0.45, -0.251295, -0.67071, 0.0847304
0.45, -0.283765, -0.674707, 0.042449
0.435, -0.3, -0.676041, 8.27884e-017
0.405, -0.3, -0.674707, -0.042449
0.375, -0.3, -0.67071, -0.0847304
0.345, -0.3, -0.664066, -0.126677
0.315, -0.3, -0.654802, -0.168125
0.285, -0.3, -0.642953, -0.208908
0.255, -0.3, -0.628567, -0.248867
0.225, -0.3, -0.6117, -0.287844
0.195, -0.3, -0.592419, -0.325685
0.165, -0.3, -0.5708, -0.362241
0.135, -0.3, -0.546929, -0.397367
0.105, -0.3, -0.520898, -0.430925
0.075, -0.3, -0.492813, -0.462782
0.045, -0.3, -0.462782, -0.492813
0.015, -0.3, -0.430925, -0.520898
-0.015, -0.3, -0.397367, -0.546929
-0.045, -0.3, -0.362241, -0.5708
-0.075, -0.3, -0.325685, -0.592419
-0.105, -0.3, -0.287844, -0.6117
-0.135, -0.3, -0.248867, -0.628567
-0.165, -0.3, -0.208908, -0.642953
-0.195, -0.3, -0.168125, -0.654802
-0.225, -0.3, -0.126677, -0.664066
-0.255, -0.3, -0.0847304, -0.67071
-0.285, -0.3, -0.042449, -0.674707
-0.315, -0.3, -1.24183e-016, -0.676041
-0.345, -0.3, 0.042449, -0.674707
-0.375, -0.3, 0.0847304, -0.67071
-0.405, -0.3, 0.126677, -0.664066
-0.435, -0.3, 0.168125, -0.654802
-0.45, -0.28612, 0.208908, -0.642953
-0.45, -0.25836, 0.248867, -0.628567
-0.45, -0.230601, 0.287844, -0.6117
-0.45, -0.202841, 0.325685, -0.592419
-0.45, -0.175081, 0.362241, -0.5708
-0.45, -0.147321, 0.397367, -0.546929
-0.45, -0.119561, 0.430925, -0.520898
-0.45, -0.0918017, 0.462782, -0.492813
-0.45, -0.0640419, 0.492813, -0.462782
-0.45, -0.0362821, 0.520898, -0.430925
-0.45, -0.00852232, 0.546929, -0.397367
-0.45, 0.0192375, 0.5708, -0.362241
-0.45, 0.0469972, 0.592419, -0.325685
-0.45, 0.074757, 0.6117, -0.287844
-0.45, 0.102517, 0.628567, -0.248867
-0.45, 0.130277, 0.642953, -0.208908
-0.45, 0.158036, 0.654802, -0.168125
-0.45, 0.185796, 0.664066, -0.126677
-0.45, 0.213556, 0.67071, -0.0847304
-0.45, 0.241316, 0.674707, -0.042449
