-0.435, 0.268983, 0.676041, 0
-0.405, 0.265351, 0.674707, 0.042449
-0.375, 0.264674, 0.67071, 0.0847304
-0.345, 0.266311, 0.664066, 0.126677
-0.315, 0.269502, 0.654802, 0.168125
-0.285, 0.273412, 0.642953, 0.208908
-0.255, 0.277347, 0.628567, 0.248867
-0.225, 0.280891, 0.6117, 0.287844
-0.195, 0.28391, 0.592419, 0.325685
-0.165, 0.286457, 0.5708, 0.362241
-0.135, 0.288671, 0.546929, 0.397367
-0.105, 0.2907, 0.520898, 0.430925
-0.075, 0.29267, 0.492813, 0.462782
-0.045, 0.294677, 0.462782, 0.492813
-0.015, 0.296794, 0.430925, 0.520898
0.015, 0.299069, 0.397367, 0.546929
0.045, 0.301536, 0.362241, 0.5708
0.075, 0.304212, 0.325685, 0.592419
0.105, 0.307096, 0.287844, 0.6117
0.135, 0.310167, 0.248867, 0.628567
0.165, 0.313366, 0.208908, 0.642953
0.195, 0.316584, 0.168125, 0.654802
0.225, 0.31964, 0.126677, 0.664066
0.255, 0.322263, 0.0847304, 0.67071
0.285, 0.324132, 0.042449, 0.674707
0.315, 0.325053, 4.13942e-017, 0.676041
0.345, 0.325298, -0.042449, 0.674707
0.375, 0.326061, -0.0847304, 0.67071
0.405, 0.329096, -0.126677, 0.664066
0.435, 0.336448, -0.168125, 0.654802
0.45, 0.320537, -0.208908, 0.642953
0.45, 0.288714, -0.248867, 0.628567
0.45, 0.256892, -0.287844, 0.6117
0.45, 0.225069, -0.325685, 0.592419
0.45, 0.193247, -0.362241, 0.5708
0.45, 0.161425, -0.397367, 0.546929
0.45, 0.129602, -0.430925, 0.520898
0.45, 0.0977799, -0.462782, 0.492813
0.45, 0.0659575, -0.492813, 0.462782
0.45, 0.0341351, -0.520898, 0.430925
0.45, 0.0023127, -0.546929, 0.397367
0.45, -0.0295097, -0.5708, 0.362241
0.45, -0.0613321, -0.592419, 0.325685
0.45, -0.0931545, -0.6117, 0.287844
0.45, -0.124977, -0.628567, 0.248867
0.45, -0.156799, -0.642953, 0.208908
0.45, -0.188622, -0.654802, 0.168125
0.45, -0.220444, -0.664066, 0.126677
0.45, -0.252266, -0.67071, 0.0847304
0.45, -0.284089, -0.674707, 0.042449
0.435, -0.3, -0.676041, 8.27884e-017
0.405, -0.3, -0.674707, -0.042449
0.375, -0.3, -0.67071, -0.0847304
0.345, -0.3, -0.664066, -0.126677
0.315, -0.3, -0.654802, -0.168125
0.285, -0.3, -0.642953, -0.208908
0.255, -0.3, -0.628567, -0.248867
0.225, -0.3, -0.6117, -0.287844
0.195, -0.3, -0.592419, -0.325685
0.165, -0.3, -0.5708, -0.362241
0.135, -0.3, -0.546929, -0.397367
0.105, -0.3, -0.520898, -0.430925
0.075, -0.3, -0.492813, -0.462782
0.045, -0.3, -0.462782, -0.492813
0.015, -0.3, -0.430925, -0.520898
-0.015, -0.3, -0.397367, -0.546929
-0.045, -0.3, -0.362241, -0.5708
-0.075, -0.3, -0.325685, -0.592419
-0.105, -0.3, -0.287844, -0.6117
-0.135, -0.3, -0.248867, -0.628567
-0.165, -0.3, -0.208908, -0.642953
-0.195, -0.3, -0.168125, -0.654802
-0.225, -0.3, -0.126677, -0.664066
-0.255, -0.3, -0.0847304, -0.67071
-0.285, -0.3, -0.042449, -0.674707
-0.315, -0.3, -1.24183e-016, -0.676041
-0.345, -0.3, 0.042449, -0.674707
-0.375, -0.3, 0.0847304, -0.67071
-0.405, -0.3, 0.126677, -0.664066
-0.435, -0.3, 0.168125, -0.654802
-0.45, -0.285775, 0.208908, -0.642953
-0.45, -0.257326, 0.248867, -0.628567
-0.45, -0.228877, 0.287844, -0.6117
-0.45, -0.200428, 0.325685, -0.592419
-0.45, -0.171979, 0.362241, -0.5708
-0.45, -0.14353, 0.397367, -0.546929
-0.45, -0.11508, 0.430925, -0.520898
-0.45, -0.0866313, 0.462782, -0.492813
-0.45, -0.0581821, 0.492813, -0.462782
-0.45, -0.0297329, 0.520898, -0.430925
-0.45, -0.00128377, 0.546929, -0.397367
-0.45, 0.0271654, 0.5708, -0.362241
-0.45, 0.0556146, 0.592419, -0.325685
-0.45, 0.0840637, 0.6117, -0.287844
-0.45, 0.112513, 0.628567, -0.248867
-0.45, 0.140962, 0.642953, -0.208908
-0.45, 0.169411, 0.654802, -0.168125
-0.45, 0.19786, 0.664066, -0.126677
-0.45, 0.22631, 0.67071, -0.0847304
-0.45, 0.254759, 0.674707, -0.042449
